4 0 267 1 734 13 500 5 352 
4 0 269 1 732 13 289 5 635 
3 0 354 1 1251 5 259 
7 0 697 1 646 13 561 5 407 19 647 20 635 34 556 
6 0 701 1 670 13 345 5 410 20 660 34 190 
5 0 707 1 1264 13 757 5 493 35 344 
5 0 709 1 1036 13 44 5 640 35 517 
4 0 751 1 694 13 932 5 435 
4 0 830 1 800 13 408 5 560 
5 0 992 1 1139 13 753 5 575 20 752 
6 0 994 1 1029 13 580 5 434 19 760 20 750 
5 0 1018 1 918 13 577 5 260 19 769 
5 0 1020 1 1067 13 852 5 580 20 828 
4 0 1264 1 1111 13 557 5 677 
3 0 1265 1 1104 5 675 
5 0 1279 1 1650 13 853 5 744 35 540 
3 0 1310 1 1514 5 862 
3 0 1323 1 697 5 742 
6 0 1337 1 1235 13 747 5 708 19 741 20 742 
5 0 1481 1 1463 13 860 19 764 20 744 
4 0 1568 1 1669 13 997 5 990 
6 0 1589 1 1565 13 735 5 918 19 933 20 857 
4 0 1590 1 1574 13 925 5 869 
3 0 1627 1 1489 5 714 
8 0 1630 1 1633 13 995 5 873 19 870 20 872 34 868 35 783 
4 0 1634 1 1516 5 999 34 867 
3 0 1917 1 1928 5 998 
3 0 219 1 319 5 77 
6 0 757 1 1032 13 755 5 579 19 803 20 983 
5 0 1316 1 1175 13 551 5 680 35 677 
6 0 1639 1 1602 13 844 5 784 19 923 20 868 
8 0 1651 1 1634 13 847 5 740 19 840 20 914 34 871 35 938 
4 0 1625 1 1593 5 897 19 936 
4 0 1967 1 1979 13 934 5 797 
4 0 999 1 314 5 351 34 493 
3 0 991 1 682 5 254 
3 0 1331 1 307 5 372 
5 0 689 1 637 13 486 5 291 34 550 
5 0 1041 1 719 5 349 19 41 20 560 
6 0 715 1 689 13 582 5 494 19 756 20 930 
4 0 954 1 969 5 398 19 344 
6 0 964 1 986 13 399 5 404 19 636 20 550 
6 0 1654 1 1567 13 849 5 831 19 802 20 787 
3 0 220 13 469 5 76 
3 0 1021 1 524 5 422 
6 0 691 1 644 13 371 5 531 34 535 35 549 
4 0 694 1 444 13 340 5 18 
5 0 750 13 426 5 21 19 421 20 407 
5 0 208 1 688 13 435 5 46 20 564 
5 0 195 1 676 13 413 5 178 19 524 
6 0 1531 1 1478 13 734 5 559 19 845 20 846 
4 0 1311 1 1134 5 562 19 863 
4 0 1562 13 868 5 678 20 839 
6 0 1628 1 1527 13 935 5 738 19 805 20 924 
6 0 1563 13 994 5 782 19 837 20 780 34 685 
3 0 1807 13 989 5 922 
5 0 1952 1 1948 13 984 5 921 19 873 
4 0 995 13 756 5 354 19 758 
5 0 756 1 310 13 430 5 43 20 502 
3 0 972 1 648 13 226 
6 0 1520 1 1261 13 858 5 581 19 934 20 850 
3 0 95 1 539 5 219 
3 0 704 1 58 5 19 
3 1 685 13 194 5 496 
3 0 1529 1 1242 5 576 
3 0 670 1 968 5 221 
3 0 1028 13 250 5 324 
4 0 1314 1 1189 5 400 19 637 
5 0 1511 1 1120 13 857 5 839 19 804 
5 0 1037 1 1050 13 668 5 378 19 185 
8 0 1957 1 1969 13 973 5 973 19 916 20 980 34 996 35 995 
8 0 1741 1 1774 13 944 5 881 19 942 20 945 34 965 35 965 
4 0 963 1 590 13 401 5 224 
3 0 914 1 962 13 579 
3 0 661 1 956 13 533 
4 0 1339 1 994 13 409 19 646 
4 0 1888 1 1920 13 996 5 994 
5 0 1523 1 1526 13 855 5 796 20 931 
4 0 695 1 654 13 748 19 525 
8 0 1024 1 1057 13 607 5 466 19 554 20 402 34 554 35 572 
5 0 1817 1 1823 13 981 5 987 19 931 
7 0 705 1 1023 13 366 5 327 19 645 20 514 35 421 
5 0 1291 1 1537 13 674 5 662 35 626 
5 1 666 5 146 19 325 20 511 34 533 
7 0 683 1 339 13 522 5 660 19 545 20 530 35 131 
8 0 979 1 709 13 515 5 506 19 570 20 579 34 250 35 229 
7 0 1809 1 1844 13 922 19 922 20 922 34 879 35 801 
5 0 1892 1 1952 13 953 19 975 20 976 
8 0 1930 1 1936 13 976 5 978 19 969 20 969 34 878 35 875 
8 0 1968 1 1982 13 971 5 855 19 997 20 835 34 999 35 923 
4 0 1034 13 208 5 376 34 761 
8 0 1281 1 1276 13 769 5 664 19 853 20 842 34 752 35 683 
7 0 1838 1 1510 13 843 5 864 19 747 20 753 35 996 
4 0 310 13 532 5 373 20 368 
8 0 652 1 256 13 154 5 526 19 519 20 356 34 259 35 511 
8 0 1249 1 976 13 641 5 137 19 748 20 683 34 582 35 878 
8 0 996 1 700 13 646 5 502 19 740 20 761 34 873 35 794 
8 0 1467 1 1243 13 517 5 642 19 832 20 833 34 842 35 845 
7 0 898 1 898 13 592 5 625 19 720 20 722 34 474 
8 0 1327 1 1238 13 732 5 762 19 739 20 844 34 755 35 632 
7 0 1472 1 1269 13 742 5 753 20 535 34 758 35 686 
7 0 1615 1 1443 13 715 5 818 19 897 20 897 35 903 
8 0 1471 1 1470 13 744 5 747 19 746 20 732 34 742 35 754 
8 0 642 1 661 13 76 5 157 19 496 20 577 34 249 35 554 
8 0 727 1 1045 13 254 5 325 19 537 20 767 34 409 35 334 
8 0 1643 1 1655 13 836 5 748 19 883 20 918 34 993 35 993 
7 0 1779 1 1892 13 901 5 905 20 940 34 978 35 902 
3 13 427 19 559 20 557 
3 13 785 19 786 20 783 
4 1 188 13 94 19 86 20 89 
8 0 1246 1 977 13 510 5 805 19 881 20 917 34 880 35 877 
6 0 1409 1 1407 13 595 19 823 34 617 35 822 
8 0 1464 1 1252 13 648 5 745 19 753 20 695 34 741 35 745 
7 0 178 13 130 5 134 19 73 20 71 34 321 35 239 
8 0 1007 1 1275 13 507 5 650 19 772 20 760 34 597 35 631 
3 13 12 19 284 20 226 
5 0 666 13 6 5 71 19 346 34 226 
3 13 10 19 412 20 335 
3 13 404 19 402 20 401 
8 0 1748 1 1900 13 954 5 877 19 875 20 876 34 952 35 896 
8 0 892 1 897 13 263 5 278 19 296 20 475 34 297 35 466 
8 0 724 1 735 13 495 5 326 19 461 20 406 34 407 35 423 
8 0 976 1 1247 13 640 5 645 19 568 20 580 34 847 35 802 
5 0 684 1 1020 5 204 19 390 20 504 
5 0 1003 5 547 19 663 34 664 35 653 
8 0 1644 1 1981 13 842 5 974 19 834 20 830 34 846 35 798 
8 0 1163 1 1205 13 587 5 718 19 615 20 617 34 711 35 718 
6 0 1405 1 1404 13 688 5 686 19 693 20 715 
8 0 1401 1 1405 13 690 5 687 19 817 20 813 34 813 35 817 
3 13 219 19 550 20 554 
3 13 552 19 735 20 678 
3 13 400 19 684 20 404 
5 0 990 1 1022 13 412 5 413 20 521 
5 0 1335 1 1241 19 776 20 776 34 803 
8 0 1256 1 1257 13 745 5 848 19 749 20 748 34 740 35 756 
5 0 1608 1 1618 13 816 19 963 34 816 
4 0 496 1 507 5 272 20 272 
8 0 1164 1 899 13 443 5 447 19 589 20 614 34 608 35 723 
7 0 1399 1 1163 13 686 5 689 19 796 20 818 35 823 
6 0 1941 1 1957 13 979 5 977 19 977 35 932 
8 0 641 1 659 13 327 5 348 19 68 20 576 34 275 35 553 
3 13 828 19 868 20 909 
5 0 280 1 340 13 370 34 373 35 129 
4 0 1016 19 510 20 353 34 139 
8 0 550 1 560 13 264 5 279 19 442 20 474 34 460 35 465 
5 0 1856 13 926 5 996 19 980 20 987 
8 0 1893 1 1899 13 952 5 950 19 945 20 954 34 976 35 979 
8 0 959 1 958 13 527 5 530 19 765 20 762 34 736 35 835 
8 0 1620 1 1412 13 821 5 812 19 728 20 714 34 726 35 731 
5 1 1566 13 848 5 711 19 939 20 856 
8 0 1773 1 1772 13 889 5 900 19 961 20 889 34 969 35 961 
4 0 565 1 908 13 461 20 308 
5 0 1683 1 1677 13 782 19 770 20 772 
3 1 75 19 35 20 42 
8 0 1636 1 1639 13 965 5 822 19 854 20 843 34 918 35 929 
3 13 7 19 1 20 5 
3 13 17 19 31 20 220 
4 13 71 19 323 20 412 34 421 
3 13 198 19 358 20 350 
7 0 1244 1 1267 13 972 19 618 20 764 34 912 35 789 
4 0 1901 1 1905 19 949 34 821 
3 0 1997 1 1999 19 989 
8 0 1011 1 1266 13 513 5 648 19 505 20 669 34 427 35 532 
4 0 602 1 939 19 126 20 64 
3 0 1061 1 668 20 343 
6 0 1076 1 717 5 773 19 341 20 372 34 159 
8 0 1006 1 1009 13 651 5 532 19 778 20 529 34 509 35 520 
6 0 1297 1 1271 13 647 5 644 19 562 20 569 
3 0 1555 1 1719 20 747 
3 1 643 19 149 20 11 
3 13 391 19 255 20 348 
7 0 974 1 713 13 296 5 346 19 66 20 389 35 13 
8 0 1250 1 974 13 642 5 505 19 640 20 645 34 594 35 527 
4 0 1521 1 1599 5 794 20 731 
8 0 272 1 278 13 328 5 163 19 501 20 361 34 598 35 559 
6 0 593 1 612 5 132 20 66 34 277 35 504 
6 0 961 1 985 13 555 5 220 19 224 34 552 
4 0 1513 1 1649 13 856 5 743 
3 0 1918 1 1891 5 991 
8 0 1832 1 1841 13 936 5 931 19 910 20 935 34 784 35 787 
8 0 1900 1 1896 13 946 5 942 19 947 20 946 34 820 35 722 
8 0 1664 1 1660 13 910 5 840 19 913 20 525 34 983 35 986 
7 0 1476 1 1268 13 768 19 751 20 765 34 792 35 785 
4 0 1559 1 1560 5 842 35 809 
8 0 1672 1 1651 13 837 5 804 19 830 20 834 34 881 35 870 
5 0 523 1 878 5 516 34 341 35 305 
5 0 917 1 1185 5 606 34 629 35 737 
4 0 247 1 354 5 197 34 183 
8 0 620 1 683 13 392 5 368 19 146 20 362 34 650 35 633 
6 1 1779 13 898 5 904 19 820 34 964 35 970 
8 0 1980 1 1827 13 938 5 933 19 852 20 912 34 831 35 985 
4 0 1144 1 1387 5 706 35 600 
4 0 1423 1 1418 5 707 35 836 
4 0 1735 1 1734 5 872 35 915 
8 0 978 1 975 13 516 5 347 19 468 20 344 34 577 35 533 
7 0 1402 1 1397 13 712 5 719 20 941 34 715 35 816 
7 0 1610 1 1612 13 819 5 813 20 964 34 899 35 901 
5 0 1070 1 833 20 172 34 546 35 377 
7 1 1233 13 661 5 636 19 387 20 515 34 914 35 867 
4 13 633 20 637 34 754 35 579 
6 0 1419 1 1423 5 763 19 518 20 623 35 712 
8 0 1934 1 1941 13 961 5 963 19 960 20 965 34 892 35 843 
6 0 735 1 1146 13 540 5 610 34 551 35 675 
4 0 288 1 292 5 153 34 147 
7 0 1648 1 1520 13 786 5 684 19 460 20 785 34 991 
7 1 477 13 245 5 244 19 244 20 249 34 417 35 411 
5 0 831 1 834 5 668 20 174 35 422 
6 13 34 5 32 19 24 20 27 34 234 35 154 
3 13 924 19 929 20 925 
3 0 1699 1 1837 34 920 
7 0 636 1 656 5 507 19 495 20 429 34 433 35 529 
5 0 943 1 618 13 481 5 484 35 743 
4 13 549 19 520 20 657 34 662 
5 13 728 19 731 20 704 34 823 35 829 
8 0 1811 1 1759 13 960 5 971 19 754 20 832 34 877 35 879 
4 0 1207 13 623 34 601 35 561 
3 0 1677 13 833 34 861 
8 0 1753 1 1768 13 876 5 876 19 900 20 901 34 900 35 897 
4 1 1820 13 978 34 751 35 673 
8 0 1924 1 1970 13 962 5 975 19 965 20 962 34 992 35 994 
5 0 980 1 971 5 501 34 743 35 747 
6 0 1897 1 1903 19 943 20 953 34 975 35 977 
4 0 598 1 611 34 271 35 338 
3 0 1440 1 1707 34 854 
4 0 1851 1 1747 5 929 20 929 
6 0 311 1 13 13 169 5 374 19 377 20 387 
4 0 596 1 616 34 483 35 635 
3 13 23 19 5 20 223 
4 13 489 19 142 20 357 34 511 
5 0 1540 1 1229 5 611 34 683 35 681 
4 0 1715 1 1711 20 937 34 791 
3 20 366 34 384 35 126 
3 20 421 34 363 35 487 
3 13 373 34 680 35 780 
3 0 1038 34 130 35 121 
5 0 1345 1 1147 5 524 34 399 35 576 
7 0 1810 1 1810 13 918 5 930 19 917 20 916 34 874 
7 0 1262 1 990 13 670 5 626 19 656 20 656 34 512 
3 13 635 34 132 35 343 
3 13 260 34 244 35 339 
2 13 680 34 676 
2 5 131 35 10 
2 5 207 35 117 
2 5 162 35 357 
3 0 300 5 330 35 11 
3 0 110 1 273 35 107 
3 0 339 34 186 35 130 
2 0 675 35 303 
2 0 1042 35 482 
4 0 1525 5 803 34 570 35 684 
5 0 1466 1 1349 13 738 5 746 35 751 
7 1 726 13 247 5 295 19 225 20 199 34 3 35 6 
2 1 1336 35 16 
3 0 728 1 730 35 326 
4 0 1631 1 1515 34 781 35 678 
2 1 1522 35 679 
3 19 147 34 364 35 516 
2 0 1461 35 764 
3 0 1470 1 1475 35 773 
2 0 1993 35 998 
2 0 1844 35 999 
2 5 609 35 557 
3 5 634 34 787 35 784 
2 34 116 35 169 
2 34 495 35 226 
2 34 352 35 378 
2 34 381 35 486 
2 34 572 35 645 
3 0 1546 34 688 35 765 
2 13 166 35 136 
2 13 49 35 318 
2 13 639 35 551 
6 0 293 1 346 13 72 5 158 34 160 35 125 
3 5 144 20 65 35 144 
3 19 74 34 23 35 43 
2 19 128 35 341 
5 0 76 1 136 5 65 34 306 35 299 
8 0 83 1 146 13 63 5 288 19 51 20 446 34 270 35 258 
6 0 85 1 86 13 235 5 251 34 41 35 47 
7 0 90 1 97 13 526 5 73 19 362 20 311 34 73 
4 0 91 1 218 5 168 20 149 
5 0 93 1 247 13 217 5 225 34 227 
7 0 96 1 248 13 222 5 72 19 704 20 222 34 223 
4 0 99 1 252 5 5 34 492 
5 0 101 1 104 5 40 34 67 35 64 
6 0 104 1 262 13 559 5 229 19 153 20 301 
4 0 105 1 55 13 341 5 227 
4 0 107 1 163 13 665 5 387 
5 0 108 1 264 13 148 5 14 20 310 
4 0 109 1 18 13 410 5 232 
6 0 111 1 113 13 255 5 359 19 67 20 433 
8 0 115 1 120 13 268 5 88 19 251 20 298 34 58 35 70 
7 0 118 1 118 13 438 5 264 20 443 34 56 35 73 
5 0 122 1 183 13 95 5 99 35 54 
8 0 124 1 131 13 98 5 96 19 262 20 299 34 292 35 301 
3 0 125 1 185 5 308 
5 0 126 1 130 13 267 5 100 34 50 
6 0 127 1 180 13 97 5 98 19 81 34 22 
8 0 130 1 189 13 274 5 110 19 303 20 285 34 14 35 280 
3 0 132 1 192 5 105 
6 0 134 1 135 13 453 5 68 20 279 34 54 
6 0 135 1 139 13 57 5 64 19 267 20 449 
7 0 136 1 140 5 449 19 43 20 86 34 302 35 281 
3 0 138 1 196 5 108 
8 0 141 1 143 13 105 5 113 19 268 20 255 34 316 35 272 
4 0 142 1 144 13 109 5 117 
8 0 143 1 198 13 108 5 106 19 310 20 97 34 13 35 470 
6 0 144 1 202 5 321 19 90 20 260 34 311 
4 0 150 1 152 13 285 5 111 
5 0 152 1 157 13 184 5 169 20 377 
3 0 153 1 159 5 384 
6 0 12 1 12 13 337 5 355 19 342 20 536 
3 0 13 1 8 5 375 
6 0 14 1 10 13 362 5 538 20 547 34 178 
4 0 27 1 90 19 414 34 77 
4 0 28 1 82 13 240 5 237 
7 0 31 1 26 13 241 5 415 19 419 20 567 35 51 
8 0 35 1 35 13 29 5 250 19 415 20 417 34 79 35 270 
8 0 36 1 31 13 238 5 245 19 233 20 237 34 264 35 274 
8 0 37 1 32 13 26 5 26 19 232 20 18 34 46 35 311 
7 0 38 1 33 13 25 5 29 19 19 20 19 34 43 
8 0 39 1 30 13 243 5 30 19 420 20 415 34 76 35 441 
6 0 44 1 42 13 530 5 31 20 331 34 387 
6 0 47 1 50 13 193 5 255 34 70 35 61 
4 0 75 1 137 13 54 5 56 
6 0 154 1 160 13 79 5 81 34 289 35 454 
6 0 156 1 161 13 463 5 80 34 338 35 104 
3 0 157 1 299 5 10 
8 0 160 1 166 13 292 5 467 19 158 20 305 34 96 35 105 
4 0 165 1 305 13 350 5 36 
8 0 168 1 175 13 476 5 299 19 300 20 476 34 291 35 291 
4 0 169 1 171 5 475 19 464 
8 0 170 1 176 13 302 5 92 19 616 20 612 34 30 35 68 
7 0 173 1 174 13 616 5 472 19 463 34 283 35 59 
4 0 179 1 179 13 477 5 483 
4 0 185 1 191 13 307 5 311 
6 0 187 1 242 13 309 5 139 34 272 35 242 
5 0 199 1 204 5 319 19 105 20 254 
4 0 201 1 205 13 111 5 115 
6 0 203 1 207 13 321 5 322 34 126 35 507 
5 0 211 1 213 5 290 34 98 35 251 
6 0 212 1 313 13 232 5 258 19 653 20 662 
5 0 215 1 323 13 244 5 78 35 406 
5 0 222 1 327 13 179 5 520 34 217 
5 0 224 1 224 5 128 34 140 35 153 
8 0 228 1 227 13 127 5 125 19 106 20 326 34 634 35 573 
8 0 232 1 285 13 326 5 340 19 333 20 240 34 456 35 230 
8 0 233 1 232 13 330 5 342 19 498 20 428 34 452 35 498 
8 0 235 1 284 13 329 5 136 19 336 20 364 34 279 35 23 
8 0 237 1 297 13 741 5 138 19 833 20 829 34 844 35 846 
8 0 242 1 290 13 122 5 143 19 72 20 342 34 280 35 241 
8 0 248 1 357 13 38 5 85 19 193 20 351 34 108 35 9 
7 0 251 1 269 13 228 5 86 19 170 20 169 35 333 
6 0 256 1 301 13 496 5 491 19 843 20 915 
8 0 257 1 363 13 378 5 537 19 388 20 189 34 128 35 328 
4 0 258 1 306 13 386 5 353 
5 0 261 1 376 13 259 5 329 19 558 
4 0 263 1 372 13 41 5 129 
6 0 264 1 370 13 261 5 582 19 466 20 28 
4 0 265 1 316 13 498 5 126 
7 0 266 1 274 13 390 5 392 20 541 34 651 35 654 
8 0 270 1 276 13 331 5 336 19 70 20 63 34 258 35 524 
5 0 273 1 277 13 162 5 160 35 140 
8 0 274 1 279 13 505 5 165 19 639 20 658 34 448 35 523 
8 0 275 1 281 13 333 5 338 19 376 20 391 34 370 35 356 
4 0 276 1 283 5 365 35 135 
3 0 281 1 359 5 201 
7 0 286 1 345 13 325 5 151 19 321 20 62 34 174 
8 0 287 1 293 13 73 5 155 19 326 20 61 34 424 35 528 
8 0 289 1 348 13 78 5 499 19 337 20 370 34 255 35 346 
7 0 290 1 295 13 319 19 328 20 430 34 576 35 531 
6 0 291 1 294 13 174 5 148 34 162 35 127 
8 0 292 1 296 13 297 5 142 19 381 20 388 34 254 35 146 
5 0 295 1 367 13 396 5 528 35 337 
5 0 301 1 315 5 397 34 203 35 202 
3 0 306 1 108 5 357 
4 0 307 1 102 5 199 34 337 
5 0 320 1 111 5 385 19 198 20 358 
4 0 327 1 162 5 522 35 102 
5 0 357 1 275 5 386 34 396 35 395 
7 0 370 1 266 13 831 5 543 20 771 34 735 35 841 
5 0 417 1 271 5 396 34 210 35 370 
