2396 363 0 300.960083 482.256714 1 1 0.953634 134 124 35 35 0 0 0 -0.0213567 0.0110223 0.0471377 -0.4037819 0.2205115 0.8840691 4204706936 3612667305 414456763 457244607 285078405 832203578 2071329755 197611714 98 54 0.0440924 0.2275073 0 
2396 364 0 326.3843994 460.3988037 1 1 0.9591979 134 120 35 35 0 0 0 -0.0196848 0.0103424 0.0517538 -0.3454232 0.1835638 0.9165201 1735996673 947850804 1082124409 814839799 1784437910 251244769 2490351 2705584704 109 47 0.0469405 0.2422026 0 
2396 367 0 307.0660400 512.4899902 1 1 0.9713322 134 40 35 35 0 0 0 -0.0209217 0.0140131 0.0488063 -0.3351465 0.2587307 0.9052591 1729674344 3075944180 142519097 285225983 679337621 804911160 811991023 734192194 99 33 0.0457661 0.2361433 0 
2396 374 0 581.9359741 499.5318298 1 3 0.9891583 134 128 35 35 0 0 0 0.0324541 0.0363874 0.1276757 0.2111033 0.2733276 0.9359390 3051235024 326707890 3045566256 1531127695 2498598695 1115805744 3254446046 53461152 126 77 0.0949090 0.4897096 0 
2396 376 0 517.5651245 504.1721191 1 3 0.9891637 134 86 35 35 0 0 0 0.0141628 0.0338669 0.1152546 0.1088528 0.2859906 0.9498909 2837171457 4155410420 1113065756 1076941748 3507698556 2130753651 3232662572 2846951964 126 66 0.0839996 0.4334194 0 
2396 378 0 339.9414368 464.3362122 1 2 0.9590639 134 120 35 35 0 0 0 -0.0189990 0.0099891 0.0497435 -0.3055100 0.2048381 0.9204873 1702458405 3162443444 1216260220 814315479 1786010775 251244705 2217082863 2705584960 107 46 0.0376230 0.1941263 0 
2396 379 0 312.4142151 484.3377075 1 2 0.9567603 134 124 35 35 0 0 0 -0.0209941 0.0108400 0.0464991 -0.3549360 0.2294949 0.8961493 4204705880 3746885033 413408171 457768895 285078405 2979687226 2071329755 461848770 98 66 0.0362206 0.1868903 0 
2396 384 0 308.9248962 512.3967896 1 2 0.9552732 134 42 35 35 0 0 0 -0.0206016 0.0135809 0.0475941 -0.3793110 0.2526518 0.8859580 3879255528 3078041588 410954361 822637567 711261845 804911288 1885732847 734194242 99 34 0.0372294 0.1920956 0 
2396 387 0 586.6763306 558.4134521 1 4 0.9902214 134 46 35 35 0 0 0 0.0229939 0.0378436 0.1004308 0.2067953 0.3442727 0.9145367 1316205877 4172498643 1122844787 875362168 3927105150 2134489875 1845865593 3009553275 126 35 0.0635184 0.3277409 0 
2396 393 0 361.5661621 524.8590698 1 3 0.9671369 134 107 35 35 0 0 0 -0.0164947 0.0216282 0.0674062 -0.2546527 0.2989726 0.9155627 473889027 4004814173 1191107039 3833002220 1442474959 4125092807 1595874878 2414419037 126 36 0.0420645 0.2170434 0 
2396 394 0 363.8649597 512.1342773 1 3 0.9600992 134 111 35 35 0 0 0 -0.0163151 0.0209547 0.0696819 -0.2738833 0.2816848 0.9139931 3194120790 1748664377 2949745839 1344786413 3891262958 4291445580 2609640882 1462220550 126 61 0.0431546 0.2226681 0 
2396 395 0 358.1402893 548.3992920 1 3 0.9536036 134 53 35 35 0 0 0 -0.0165804 0.0207719 0.0586911 -0.2976651 0.3183785 0.8928463 1593749191 2323167720 3166027771 1002957550 351168423 1944733606 3145202590 1292624064 126 38 0.0372850 0.1923825 0 
2396 396 0 305.9000854 510.8259888 1 3 0.9460868 134 72 35 35 0 0 0 -0.0210243 0.0138751 0.0488081 -0.4089041 0.2543854 0.8703608 2000469224 3145182964 410921849 831026167 677699221 804912304 1344667631 2881669568 99 39 0.0317854 0.1640055 0 
2396 399 0 586.1990967 557.5617676 1 5 0.9903748 134 42 35 35 0 0 0 0.0232357 0.0380510 0.1012836 0.2072945 0.3433466 0.9147926 1244919053 4171405303 1081706623 3031292026 2115390143 4281053927 1311186491 2775294811 126 33 0.0533672 0.2753633 0 
2396 400 0 623.0291748 565.0344238 1 5 0.9946675 134 37 35 35 0 0 0 0.0291089 0.0384375 0.0997864 0.2850329 0.3438480 0.8945596 1608891574 2925455005 1442503679 4212948322 2474506201 4284218043 3537714731 519076041 126 25 0.0534455 0.2757673 0 
2396 403 0 335.1957397 465.1119385 1 4 0.9611396 134 121 35 35 0 0 0 -0.0195286 0.0104043 0.0510101 -0.3073468 0.2070877 0.9198530 1698512197 3128381104 141469820 805385175 1786533012 250722529 69599207 574861888 108 49 0.0268145 0.1383570 0 
2396 405 0 8.4198303 570.8966675 1 4 0.9881660 134 20 35 35 0 0 0 -0.0506727 0.0227099 0.0554311 -0.6231261 0.2954236 0.7238779 3927618941 4183203737 216858993 2416505719 1783417561 1071358847 1562505211 46828394 51 12 0.0378379 0.1952351 0 
2396 409 0 328.2424011 494.3529053 1 4 0.9743851 134 100 35 35 0 0 0 -0.0194648 0.0137054 0.0528280 -0.2913417 0.2391188 0.9256362 1679535472 2069876508 145399969 268489719 1750726544 233859912 939911675 717660768 110 53 0.0279437 0.1441834 0 
2396 411 0 580.4758301 496.8062744 1 5 0.9881003 134 89 35 35 0 0 0 0.0331457 0.0365336 0.1299735 0.1990475 0.2685525 0.9403615 2552741699 2805850298 4043987375 4156864172 2449292199 4121315767 3927847081 2108114048 126 75 0.0670426 0.3459252 0 
2396 415 0 613.9805908 527.3770752 1 6 0.9839199 134 83 35 35 0 0 0 0.0345881 0.0379143 0.1157135 0.2163002 0.3079405 0.9240264 130374855 3090091586 3324240444 4152452861 4000990518 1805505761 2154769956 2080633644 126 48 0.0508712 0.2624841 0 
2396 424 0 763.8207397 545.5610352 1 7 0.9921201 134 78 35 35 0 0 0 0.0487536 0.0314766 0.0920088 0.4443193 0.2894127 0.8465900 1683712189 1884725081 1222680673 2978322459 1791294552 787789677 822462771 2221587307 126 36 0.0364305 0.1879736 0 
2396 426 0 446.2961121 505.3863220 1 7 0.9849566 134 62 35 35 0 0 0 0.0006440 0.0365370 0.1209132 -0.0357673 0.2923703 0.9532776 2840298752 1877984212 38404438 1076945845 3103918714 1598405202 1085187180 2834401460 126 51 0.0423025 0.2182716 0 
2396 427 0 571.4226685 533.5377197 1 7 0.9948899 134 59 35 35 0 0 0 0.0347144 0.0486596 0.1410035 0.2247728 0.3175222 0.9205772 333496103 4277073365 3755600659 2891902056 3620981593 3890150079 3952956991 3604635631 126 25 0.0512895 0.2646427 0 
2396 429 0 364.1694336 526.0522461 1 6 0.9833907 134 34 35 35 0 0 0 -0.0161454 0.0212763 0.0661057 -0.1886173 0.2998545 0.9347366 2638018883 4021591327 1339579870 7788780 1434084303 4125060038 2115976764 1337531484 126 24 0.0238773 0.1232018 0 
2396 430 0 757.6093140 465.1712341 0 7 0.9952660 134 134 35 35 0 0 0 0.0834749 0.0341829 0.1280112 0.5214350 0.2280455 0.8201189 815052510 2405185675 4255233979 2605359631 351066023 1390104382 2136863640 395003114 126 83 0.0524448 0.2706040 0 
2396 431 0 708.4447021 496.9774780 1 7 0.9966939 134 128 35 35 0 0 0 0.0498225 0.0291170 0.1085945 0.4318177 0.2384122 0.8695703 1650260408 4233219336 161758371 323131187 1078833160 1029327690 2036695547 4198924914 126 39 0.0411841 0.2125007 0 
2396 447 0 602.5137329 533.0093384 1 7 0.9943758 134 33 35 35 0 0 0 0.0261604 0.0337069 0.1009144 0.2617505 0.3051260 0.9154701 313270646 3386669965 193968099 2657052746 3086600105 3499057948 2144165851 1188984743 126 25 0.0254810 0.1314766 0 
2396 454 1 880.3148193 514.5034180 1 2 0.9955841 134 30 35 35 0 0 0 0.0553583 0.0215214 0.0776884 0.5836930 0.2161598 0.7825128 1743572285 2923913878 2328797712 1880845683 3929134713 778957352 361066362 1760623399 119 26 0.0838423 0.4326082 1 
2396 466 2 381.6312561 485.1579285 1 3 0.9648292 134 111 35 35 0 0 0 -0.0141087 0.0197083 0.0765219 -0.2300136 0.2481488 0.9360209 1924755692 2555506089 413481963 977919903 318519685 838493963 2119555531 591878594 124 62 0.0557422 0.2876174 0 
2396 470 2 824.5258179 518.7643433 1 5 0.9930401 134 121 35 35 0 0 0 0.0537911 0.0249230 0.0856783 0.5244620 0.2461887 0.8127505 3198115136 926280738 424284072 1394653118 6894502 1871890722 176076769 2072465408 124 62 0.0502456 0.2592563 0 
2396 473 2 817.4543457 514.9171753 1 7 0.9842125 134 71 35 35 0 0 0 0.0538674 0.0247627 0.0860354 0.4670284 0.2488779 0.8445921 3062263518 2667019 3045299900 3744720621 2817385894 3364865324 2345628304 1412265382 124 61 0.0349916 0.1805490 0 
2396 474 2 347.1244202 434.2923584 0 7 0.9991053 134 134 35 35 0 0 0 0.0639415 0.0776537 0.3527412 0.1704602 0.2155831 0.9610902 3098196546 3331977707 3218365835 409378348 2516040687 4054993686 4221195611 3752264853 124 109 0.1228418 0.6338370 0 
2396 475 2 358.2394714 546.2940674 1 6 0.9591773 134 61 35 35 0 0 0 -0.0166015 0.0208826 0.0594893 -0.2758474 0.3182646 0.8993033 2683544394 1533651452 4261019055 2665015276 2642390823 3521805202 4231478284 3783771334 124 28 0.0218344 0.1126606 0 
2396 478 2 301.0187378 483.4956665 1 7 0.9545141 134 85 35 35 0 0 0 -0.0213563 0.0111473 0.0472182 -0.3975552 0.2100647 0.8890717 1746526584 4165127480 145270883 272683959 1783405712 1037577034 1025623545 709231472 95 50 0.0123281 0.0636104 0 
2396 484 3 382.8782654 485.4046021 1 4 0.9906501 134 127 35 35 0 0 0 -0.0150604 0.0240263 0.0920060 -0.1132477 0.2574303 0.9590418 2113796137 3159297916 1224010326 1624306163 1216277597 1073479401 3036004335 4182816856 122 22 0.0557156 0.2874803 0 
2396 487 3 383.5777283 503.9875183 1 4 0.9941925 134 20 35 35 0 0 0 -0.0130688 0.0344456 0.1139880 -0.0861035 0.2876438 0.9537128 2560929898 1337521647 3205783451 2390146220 2515737583 4055003030 3956953631 3753725143 122 11 0.0693251 0.3577024 0 
2396 459 2 399.9299011 517.0281982 1 5 0.9892071 134 70 35 35 0 0 0 -0.0111454 0.0259901 0.0829175 -0.0958151 0.2969277 0.9498059 2562594890 1471722603 2002018239 3405160108 2445229031 3785514135 3422189335 3752674462 124 13 0.0422488 0.2179947 0 
2396 462 2 825.6951904 521.6666260 1 3 0.9907458 134 130 35 35 0 0 0 0.0536704 0.0252180 0.0853929 0.5234902 0.2456800 0.8142654 1698509888 993095280 1483729192 847263703 947721527 1324464177 1144176333 2970050752 124 53 0.0721969 0.3725201 0 
2396 463 2 328.4053345 492.4604187 1 3 0.9431194 134 101 35 35 0 0 0 -0.0195299 0.0137629 0.0536063 -0.3780657 0.2377065 0.8859854 1689943416 4149727033 146712827 843186175 1753022100 787671880 942006267 1002877538 108 39 0.0339639 0.1752463 0 
2396 464 2 380.8718262 483.9138489 1 3 0.9697423 134 113 35 35 0 0 0 -0.0141339 0.0197809 0.0769726 -0.2291152 0.2476930 0.9364104 2075767873 2608442872 1547524591 952694718 408820615 1408903571 4231519695 2982396632 124 66 0.0560560 0.2892368 0 
2396 465 2 903.7250977 563.2350464 0 4 0.9873300 134 73 35 35 0 0 0 0.0526438 0.0270901 0.0643119 0.5710171 0.3177091 0.7500643 2965416304 3477137821 162050467 440527751 2429131721 2445437726 2140525978 2329823457 95 14 0.0505870 0.2610178 0 
2396 491 3 905.6798096 532.9140625 0 4 0.9819226 134 72 35 35 0 0 0 0.0540127 0.0245595 0.0685689 0.5424809 0.2866865 0.7843053 1227956517 2562936797 1210703946 3026014418 2052213912 477704347 1946524717 2756848600 106 52 0.0524748 0.2707587 0 
2396 493 3 582.0986328 496.9081726 1 7 0.9876248 134 85 35 35 0 0 0 0.0325464 0.0357454 0.1273542 0.1987318 0.2682753 0.9404203 1605369290 3065889931 2236505782 1113651196 3237706535 2008701410 3363710831 4221898790 122 66 0.0456201 0.2353895 0 
2396 497 4 891.6833496 470.3229980 0 2 0.9957983 134 55 35 35 0 0 0 0.0729945 0.0228485 0.0846723 0.6270694 0.2030532 0.7510494 3134647538 3891571151 468203519 2607213354 2448157673 4085935934 2078274491 2399100147 100 33 0.0950864 0.4906253 0 
2396 500 4 364.1684570 556.2158203 1 3 0.9776992 134 37 35 35 0 0 0 -0.0158834 0.0203626 0.0559528 -0.2143486 0.3327172 0.9177788 3621031627 3061618874 4137130943 4292797165 2667505447 4086255095 3271555726 229242286 116 14 0.0356626 0.1840111 0 
2396 502 4 582.5353394 488.7861938 1 3 0.9957371 134 127 35 35 0 0 0 0.0344148 0.0355121 0.1328085 0.2663301 0.2544945 0.9282877 1891214440 122809693 418135923 943764914 409247433 334724650 2037448647 2865121474 120 45 0.0984143 0.5077961 0 
2396 514 5 624.4974976 554.9388428 1 2 0.9907225 134 59 35 35 0 0 0 0.0294298 0.0367729 0.0997646 0.2637508 0.3329279 0.9040578 4223232393 1436927308 38073942 1768134581 1512187976 813389379 687243589 3894778128 118 35 0.0931150 0.4804530 5 
2396 515 5 385.3995361 517.8914185 1 2 0.9792786 134 73 35 35 0 0 0 -0.0127666 0.0350319 0.1080897 -0.1698366 0.3081535 0.9336964 618904410 2537281714 3981372715 1958915692 2516449206 3785693591 3391059162 1571129006 118 53 0.0953433 0.4919506 5 
2396 518 5 366.4081116 524.5181885 1 2 0.9649274 134 103 35 35 0 0 0 -0.0158833 0.0207801 0.0652303 -0.2545403 0.2971646 0.9159096 1531436331 4289503229 1450899935 2780100840 229796605 4286576885 3327598126 2381909215 118 39 0.0583049 0.3008408 5 
2396 519 5 444.9508972 503.7836914 1 2 0.9869718 134 87 35 35 0 0 0 0.0005035 0.0366060 0.1221090 -0.0246590 0.2880619 0.9549814 4285505299 4160657142 4158540575 1623129977 2235038591 4280786164 2214494070 3686127679 118 43 0.1066380 0.5502288 5 
2396 526 5 513.5477295 503.8773193 1 5 0.9839688 134 84 35 35 0 0 0 0.0139586 0.0341020 0.1158398 0.0705905 0.2852280 0.9532001 3139208960 2938405844 1380454678 1076388853 134351449 1061918834 1086228012 2291239440 118 54 0.0590489 0.3046795 5 
2396 527 5 356.5896301 547.2840576 1 4 0.9591803 134 61 35 35 0 0 0 -0.0167691 0.0209451 0.0593878 -0.2784160 0.3193234 0.8981553 3166577217 1538862506 3183206318 1524821727 360650663 1369590678 3715891162 1127203012 118 21 0.0312223 0.1611002 5 
2396 528 5 905.6735840 532.6425781 0 6 0.9851120 134 73 35 35 0 0 0 0.0539329 0.0244957 0.0684800 0.5514138 0.2852592 0.7807288 1589442918 3457676777 699711371 458226790 1409110917 1906985734 4283783771 1334801872 101 38 0.0374012 0.1929822 5 
2396 530 5 366.8418884 511.2518005 1 6 0.9596633 134 74 35 35 0 0 0 -0.0159443 0.0207530 0.0694375 -0.2704386 0.2804566 0.9153206 2886364758 1761316664 2346355772 1344524261 3880779262 1854002024 2578179569 1395077888 118 53 0.0297111 0.1533029 5 
2396 531 5 913.0354004 547.4641113 0 7 0.9823272 134 73 35 35 0 0 0 0.0553469 0.0257436 0.0723034 0.5370353 0.2905331 0.7864175 138180966 1754385736 700251339 845667362 1349236872 838493006 4211150939 3612748624 104 40 0.0325220 0.1678065 5 
2396 536 5 507.7294312 505.1847839 1 7 0.9907512 134 74 35 35 0 0 0 0.0142134 0.0363580 0.1218926 0.0968148 0.2844502 0.9529036 4070096100 2383769069 959823643 457964966 314923913 869951018 1062589403 2479847888 118 35 0.0359623 0.1855578 5 
2396 512 4 380.3774109 486.7565308 1 7 0.9696010 134 107 35 35 0 0 0 -0.0142671 0.0202553 0.0776391 -0.2121729 0.2483324 0.9402980 1941272292 2590240564 2024843643 1036325271 944558227 2129261739 1948769421 558354880 120 48 0.0189534 0.0977956 0 
2396 540 6 387.4733276 517.9086914 1 4 0.9792596 134 73 35 35 0 0 0 -0.0125012 0.0331629 0.1028014 -0.1638010 0.3043695 0.9355581 3518674946 1471800571 896556463 1248239532 2449423271 3584186770 3946454367 4222026884 116 34 0.0629277 0.3246932 0 
2396 542 6 353.3916321 549.7745361 1 2 0.9603136 134 41 35 35 0 0 0 -0.0170998 0.0213119 0.0596564 -0.2891828 0.3251261 0.8954915 4203986138 1511652649 2092817343 3209222078 285209479 4089071523 3128939419 856114330 116 18 0.0455668 0.2351148 0 
2396 554 6 606.1469727 531.6672363 1 4 0.9908354 134 68 35 35 0 0 0 0.0310514 0.0371495 0.1111506 0.2437550 0.3071089 0.9187765 3851340117 2821655178 2156310702 1917969365 4000933154 1621084504 357540857 681669280 116 43 0.0701610 0.3620157 0 
2396 568 6 365.2102966 513.2379150 1 5 0.9603142 134 76 35 35 0 0 0 -0.0161449 0.0211611 0.0699230 -0.2709161 0.2834921 0.9143357 3188354902 1746649976 2849737918 1348716517 3891265020 2122974056 2578441713 4079428352 116 57 0.0300675 0.1551418 0 
2396 571 6 913.5892334 558.9655151 0 2 0.9978672 134 29 35 35 0 0 0 0.0564661 0.0278121 0.0668727 0.6318583 0.2967789 0.7158349 3197959420 3457445289 967163787 460061550 1391031169 836396858 2136331259 59668944 89 10 0.0765302 0.3948790 0 
2396 574 6 518.8921509 542.5621948 1 3 0.9943780 134 34 35 35 0 0 0 0.0129854 0.0385673 0.1080696 0.1356579 0.3323684 0.9331877 4162906474 1875957069 162272651 2421595562 2178653128 3587320654 2073746931 3405646930 116 16 0.0801928 0.4137776 0 
2396 581 6 361.8789978 471.1480713 1 3 0.9840286 134 39 35 35 0 0 0 -0.0171761 0.0213065 0.0887346 -0.1847961 0.2291349 0.9535810 1895657724 3629214985 1035337379 994286875 318624909 284845993 3211905499 1934032355 116 27 0.0640556 0.3305129 1 
2396 582 6 385.0684509 508.4770203 1 6 0.9923946 134 74 35 35 0 0 0 -0.0130446 0.0303736 0.0993084 -0.0983536 0.2904179 0.9516400 3941970631 3640140268 4287724431 738054109 4152332799 3522127767 4277885150 4046581663 116 11 0.0420627 0.2170345 0 
2396 641 8 915.9393311 548.7945557 0 3 0.9955844 134 31 35 35 0 0 0 0.0493499 0.0240215 0.0629733 0.6103302 0.2814251 0.7402508 3885466709 3194236592 1358674804 2072523735 980207153 239727673 1417129612 562688488 93 10 0.0580103 0.2993206 0 
2396 643 8 893.9083252 470.9133911 0 4 0.9956688 134 96 35 35 0 0 0 0.0718834 0.0225025 0.0832053 0.6275995 0.2033561 0.7504916 2614536832 3488131564 3496031231 3730629293 2624203627 4090395702 1767346700 2362163404 91 26 0.0649508 0.3351321 0 
2396 656 8 915.5429688 547.7358398 0 5 0.9843481 134 27 35 35 0 0 0 0.0523933 0.0251181 0.0675289 0.5573771 0.2893232 0.7717020 1171320429 3194109492 1215211899 4103480259 1013763121 264631470 1411776174 88781034 96 6 0.0429615 0.2216719 0 
2396 658 8 399.1816101 519.6841431 1 5 0.9809171 134 63 35 35 0 0 0 -0.0105279 0.0319845 0.0988279 -0.1328753 0.3059509 0.9394934 3627728010 1203303919 924082079 761699884 2442607599 4080168886 3956953887 3753725079 111 30 0.0502327 0.2591898 1 
2396 679 9 405.2830811 444.7128601 0 4 0.9984752 134 134 35 35 0 0 0 0.0061939 0.0795976 0.3581660 0.0072144 0.2191941 0.9754094 3882373757 409668134 3874990181 1889095507 3997029502 2901259464 2225859030 1903475493 109 65 0.2123590 1.0957264 0 
2396 682 9 461.4528809 351.6246948 1 7 0.9992791 134 133 35 35 0 0 0 0.0623010 0.0245199 0.4966399 0.1216946 0.0521845 0.9909840 3946446252 4183543160 758938882 810178559 2052397975 930751202 4247117295 4211573360 109 97 0.1165474 0.6013591 0 
2396 695 9 282.7694092 186.4367676 0 7 0.9999862 134 134 35 35 0 0 0 -0.1813190 -0.5046274 2.0965233 -0.0843114 -0.2323443 0.9689613 1958262136 3210046857 430749106 306361783 15595145 869493530 961929179 449202376 109 107 0.6039351 3.1161735 0 
2396 677 9 904.7928467 559.1117554 0 4 0.9946371 134 71 35 35 0 0 0 0.0533547 0.0269361 0.0631124 0.6082751 0.3103665 0.7286487 1958520316 3948171149 463910567 457963842 820631273 417031034 1061544955 39745761 78 11 0.0503022 0.2595481 0 
2396 666 9 406.7854919 579.7050781 1 4 0.9695616 134 41 35 35 0 0 0 -0.0110707 0.0262116 0.0644654 -0.1737484 0.3695162 0.9096428 1600637331 4126054165 1458719485 3853834361 3474385530 4281646573 2195094050 2633604191 88 16 0.0407787 0.2104091 0 
2396 707 10 345.3604126 581.8532104 1 2 0.9651973 134 36 35 35 0 0 0 -0.0177539 0.0239909 0.0585798 -0.2851527 0.3617025 0.8841500 4149952149 1408085750 1987281468 2041699197 2870460287 3465672353 2159717973 2707683629 80 8 0.0456560 0.2355749 0 
2396 714 10 606.5968628 530.6530151 1 5 0.9837954 134 61 35 35 0 0 0 0.0304963 0.0363965 0.1095853 0.2075128 0.3095527 0.9249898 3868125520 543900186 143041698 1381098487 3395937314 1755253064 428844537 706814752 106 31 0.0575958 0.2971815 0 
2396 727 10 606.4838257 524.4177246 1 7 0.9922789 134 79 35 35 0 0 0 0.0316786 0.0362295 0.1123686 0.2565249 0.2961766 0.9190311 1185819006 3369480845 26195683 2388650058 4092126889 3901711244 399867675 108951491 106 35 0.0284293 0.1466890 0 
2396 770 11 329.4502563 490.8916016 1 5 0.9497283 134 73 35 35 0 0 0 -0.0193383 0.0132785 0.0524865 -0.3642761 0.2337838 0.8956957 1813751152 792981021 145236450 805368759 675856088 535997210 2013392377 717619904 86 26 0.0231040 0.1192117 0 
2396 779 11 605.8449707 520.1813965 1 3 0.9841890 134 61 35 35 0 0 0 0.0311991 0.0351249 0.1114625 0.2107201 0.2952205 0.9290148 1230104993 4251437940 1215832177 881152307 1778825338 527219403 1680182317 2822933107 103 29 0.0839991 0.4334172 0 
2396 743 10 798.7738647 492.4925842 1 4 0.9945147 134 126 35 35 0 0 0 0.0835804 0.0336334 0.1293228 0.5187935 0.2231173 0.8231651 982953208 3477400969 429954995 2604722991 283697801 869953342 2035667931 181291234 106 81 0.0927338 0.4784862 1 
2396 749 10 395.8809204 520.0366211 1 7 0.9811729 134 61 35 35 0 0 0 -0.0110883 0.0322800 0.0994336 -0.1371922 0.3066142 0.9387092 565015277 2564755372 4256530122 1004232147 2138920079 283862249 3026574276 1901510108 106 24 0.0293394 0.1513849 0 
2396 753 10 399.3956299 467.6660461 1 3 0.9982564 134 133 35 35 0 0 0 -0.0000605 0.0872400 0.3398711 -0.0068717 0.2509069 0.9674997 3966684540 4169061909 50201685 3224894299 3938450552 2352591820 1172566003 41724727 106 56 0.2436730 1.2572997 0 
2396 756 10 378.7185974 424.1478882 0 4 0.9990827 134 134 35 35 0 0 0 -0.0102948 0.0653530 0.3434719 -0.0210134 0.1883413 0.9816210 2428283079 2331113645 966196715 1271920814 1367295937 4058738486 4292811422 1199245696 106 11 0.1686852 0.8703787 0 
2396 794 11 511.9777222 337.8483276 1 3 0.9991887 134 130 35 35 0 0 0 0.1076784 0.0101490 0.4898370 0.2086249 0.0242135 0.9774957 1704874453 3093696128 1084727904 2072605655 1786561584 144298345 73903029 543945512 103 46 0.3491702 1.8016423 1 
2396 798 11 417.6623535 379.7545776 1 3 0.9988018 134 129 35 35 0 0 0 0.0156171 0.0421972 0.4129345 0.0317657 0.1049773 0.9936644 3556613711 3070129382 4145545019 4024401661 2663372711 3820968119 3355401087 2108552583 103 56 0.2884573 1.4883770 0 
2396 802 11 410.6091614 336.1416626 0 2 0.9995732 134 134 35 35 0 0 0 0.0604565 0.0227537 0.4895464 0.1197733 0.0493891 0.9913548 1330749257 3194892016 1148872817 4103893880 743761463 1875744945 3223338540 769844010 103 97 0.3434241 1.7719934 1 
2396 810 11 402.0025024 314.4967651 0 7 0.9998794 134 134 35 35 0 0 0 0.1135522 0.0068323 0.5328911 0.2047819 0.0159799 0.9784817 1710979964 2422696674 1815800929 314651986 2053438524 150024841 3022359934 4081513450 103 96 0.1520710 0.7846529 0 
2396 811 11 502.4267273 234.1131744 1 7 0.9988045 134 118 35 35 0 0 0 0.0950765 -0.0836310 0.4705393 0.1804697 -0.1693372 0.9687334 3682712611 1474887141 1549392699 2916398264 487733965 4076764851 1792941581 3168521438 103 52 0.1133255 0.5847350 0 
2396 812 11 398.8868713 272.9666443 0 7 0.9995432 134 134 35 35 0 0 0 0.0478234 -0.0412166 0.5428901 0.0851972 -0.0722276 0.9935654 1614510364 3904102227 174883944 811965454 4072864184 1823521620 1258669435 4130284515 103 72 0.1271098 0.6558586 0 
2396 814 11 449.0944824 348.2886963 0 7 0.9997063 134 134 35 35 0 0 0 0.1103260 0.0372181 0.5031908 0.2108951 0.0751890 0.9744128 1551430698 2140263771 2918993035 807853352 30882700 2641505222 3140509043 4227730519 103 83 0.1201182 0.6197835 0 
2396 819 11 462.9095764 471.4797974 1 4 0.9987938 134 111 35 35 0 0 0 0.0345397 0.0805796 0.3116766 0.1088477 0.2509235 0.9616621 4164918403 3619532268 1985502094 1810939836 488586191 4043443635 3942521676 3114358940 103 38 0.1873681 0.9667785 0 
2396 822 11 297.7377625 366.6004028 0 4 0.9993013 134 134 35 35 0 0 0 -0.0819135 0.0444966 0.4807497 -0.1691235 0.0940358 0.9808925 882226261 3141807784 1554758459 2605216470 1013761941 182142777 2119562936 93020296 103 102 0.2361613 1.2185405 0 
2396 824 11 459.9641724 361.0646973 0 7 0.9993004 134 134 35 35 0 0 0 0.0864528 0.0456972 0.5001556 0.1646143 0.0925329 0.9818034 1635398712 1383169879 468657977 407838491 282302969 3262166538 588303831 3527821795 103 88 0.1422270 0.7338605 0 
2396 830 12 422.7527161 464.9144287 1 2 0.9984897 134 122 35 35 0 0 0 0.0168186 0.0914734 0.3645571 0.0335256 0.2463311 0.9684631 3937956774 3367898605 2075245195 192798172 1944048079 4039795696 4274985055 2480373717 100 37 0.3135285 1.6177387 0 
2396 867 12 785.3132324 285.1071777 0 3 0.9997616 134 134 35 35 0 0 0 0.3969450 -0.0222361 0.4818399 0.6334586 -0.0329039 0.7729526 1701671141 3102166820 3434277500 1004350675 1853637649 217969897 342211437 810728268 100 87 0.4338079 2.2383544 0 
2396 871 12 434.7209473 327.7948608 1 5 0.9994769 134 127 35 35 0 0 0 0.0459443 0.0045938 0.5784441 0.0770003 0.0107981 0.9968162 1973251141 259354249 145400554 977383830 409501313 15982849 844468205 709063104 100 89 0.2798437 1.4439328 0 
2396 873 12 229.8907623 339.2541809 0 3 0.9996976 134 134 35 35 0 0 0 -0.1220958 0.0352829 0.5092391 -0.2341645 0.0702432 0.9694816 2013079789 409697836 146259707 1004535771 1316873361 954950824 3043097543 1615262018 100 97 0.3037377 1.5672203 0 
2396 875 12 318.2886963 289.6432190 0 5 0.9993005 134 134 35 35 0 0 0 0.0529189 0.0170935 0.5219922 0.0983540 0.0357009 0.9943192 597488604 3176484778 3181772706 457848799 922604935 284901725 4118135803 1401943714 100 98 0.2534656 1.3078271 1 
2396 876 12 494.6951904 232.7598114 1 4 0.9993710 134 120 35 35 0 0 0 0.1095158 -0.1017560 0.5692133 0.1802491 -0.1707676 0.9685491 418014882 1476180476 4260646905 500672514 365406863 3267782590 3140492630 3319717061 100 60 0.3405767 1.7573013 0 
2396 878 12 398.9736938 467.2073975 1 5 0.9983897 134 131 35 35 0 0 0 -0.0007628 0.0845806 0.3308217 -0.0056089 0.2515293 0.9673784 3997320636 1749713493 66814005 3225013099 3804228728 2382934892 25423347 2188951335 100 72 0.1646719 0.8496711 0 
2396 879 12 427.8426819 350.2282410 0 5 0.9996144 134 134 35 35 0 0 0 0.0672734 0.0338868 0.4856430 0.1385230 0.0721024 0.9875711 3124164938 3482377529 160185743 2489769644 1375417221 4122626390 2065682859 1603208722 100 69 0.1975027 1.0190709 0 
2396 880 12 497.0036926 232.0176086 1 7 0.9993079 134 119 35 35 0 0 0 0.1015998 -0.0943908 0.5218472 0.1835100 -0.1724493 0.9675636 3098223360 1476242924 2639617950 156937621 492243869 15104690 3984459613 4225222852 100 48 0.1808314 0.9330507 0 
2396 882 12 509.0579224 322.6010742 1 6 0.9995074 134 132 35 35 0 0 0 0.1287385 -0.0037738 0.5861174 0.2122456 -0.0034800 0.9770621 831366981 527249056 3695377214 2043766487 477892119 48748723 3296046732 830726280 100 72 0.2416365 1.2467918 1 
2396 890 12 450.7048950 343.0236206 1 3 0.9993135 134 130 35 35 0 0 0 0.0545844 0.0177453 0.5148666 0.1028671 0.0374307 0.9937937 1922904276 424765866 950517666 457766871 812488099 12272954 2104615897 1669808544 100 95 0.3597610 1.8562886 0 
2396 895 12 357.6952209 431.2812195 0 4 0.9995942 134 134 35 35 0 0 0 0.0706737 0.0818189 0.3755193 0.1772193 0.2130383 0.9604827 1204989696 1999252210 3833235768 3565478893 2550427446 1870764051 2150016044 2309743240 100 96 0.2267221 1.1698365 1 
2396 898 12 376.6587830 314.5440674 0 7 0.9997480 134 134 35 35 0 0 0 0.0442005 0.0054610 0.5320694 0.0804118 0.0133548 0.9964875 1671134036 2501364400 1747627362 985774006 1349287846 547485720 841319657 730272448 100 99 0.1788121 0.9226314 0 
2396 900 12 405.7406311 211.4714355 0 7 0.9999110 134 134 35 35 0 0 0 0.0664250 -0.2027226 1.0048857 0.0655551 -0.1956854 0.9784359 4166422188 1802828749 1004844759 3647269707 547600985 2538241848 1876286303 2195646707 100 51 0.2866949 1.4792831 0 
2396 945 13 366.4812012 519.0534668 1 3 0.9742779 134 68 35 35 0 0 0 -0.0165764 0.0380769 0.1157179 -0.2337683 0.3116728 0.9205680 283834478 3350789327 2377971179 1045937160 2515795887 3266739094 1872715039 3741283527 97 28 0.0725998 0.3745992 13 
2396 950 13 890.7642822 517.8130493 0 7 0.9835053 134 64 35 35 0 0 0 0.0606355 0.0227384 0.0624191 0.5616448 0.2937741 0.7720684 1522135335 3633569145 741694927 1011801326 1406622612 4126811031 4279327819 4152758234 68 16 0.0284586 0.1468399 13 
2396 968 13 494.3479004 232.5113220 1 2 0.9990832 134 121 35 35 0 0 0 0.1028455 -0.0972881 0.5409036 0.1703049 -0.1705421 0.9704086 1465105697 2011487473 1214925177 3028595002 139607602 1739635411 1108393007 3184164939 97 42 0.4653019 2.4008563 13 
2396 971 13 425.7784424 292.5495300 0 4 0.9997302 134 134 35 35 0 0 0 0.0502395 0.0179552 0.5190420 0.0938247 0.0375650 0.9946859 582547548 2556386746 2913861539 306904927 1476253079 850936798 4281193979 1401878432 97 95 0.3020379 1.5584494 13 
2396 973 13 444.5287170 200.9359741 0 5 0.9997916 134 134 35 35 0 0 0 0.1345179 -0.2181057 0.9716836 0.1336332 -0.2152488 0.9673166 3148982539 2277031423 2635628031 2488708268 369036167 4093536406 4213071246 3749958870 97 69 0.4844428 2.4996195 13 
2396 977 13 410.1121216 336.3341675 0 5 0.9996464 134 134 35 35 0 0 0 0.0632535 0.0243066 0.5118857 0.1199573 0.0502374 0.9913085 404923194 3382759771 2210534775 3565079584 2448141433 300866398 1872715803 3472753763 97 96 0.2489703 1.2846326 13 
2396 983 13 377.5531921 266.9119873 0 1 0.9994029 134 134 35 35 0 0 0 -0.0001304 -0.0524702 0.5548255 -0.0036481 -0.0905813 0.9957016 2025697353 493984825 229525927 1917517822 352139141 296946071 1511325147 2072217290 97 75 0.4652062 2.4003625 13 
2396 986 13 298.1376038 323.4261475 0 3 0.9994340 134 134 35 35 0 0 0 -0.1146898 0.0369302 0.5134715 -0.2190345 0.0730197 0.9728070 4126450795 2682011069 415087451 3202280923 1040045983 2481677502 4250263535 1624952006 97 96 0.3069187 1.5836334 13 
2396 991 14 386.9942627 518.8730469 1 1 0.9699293 134 81 35 35 0 0 0 -0.0125310 0.0350307 0.1076074 -0.2180939 0.3105448 0.9247100 3080502106 2400307371 2911567274 3527587502 283989927 1619740950 4286576092 1536099976 93 26 0.0968128 0.4995329 13 
2396 1005 14 907.4826660 533.3568115 0 2 0.9850462 134 126 35 35 0 0 0 0.0542553 0.0246046 0.0685635 0.5626041 0.2847488 0.7701222 1790487032 3445050777 144977155 272635187 1355666120 872098586 2030423547 719719027 76 28 0.0722081 0.3725781 13 
2396 1007 14 366.4297485 520.0860596 1 1 0.9741395 134 61 35 35 0 0 0 -0.0165824 0.0381483 0.1153575 -0.2343762 0.3129815 0.9199676 1652161377 4233268600 1815652715 818208182 1413765526 902310595 4263877756 3108209240 93 20 0.1042839 0.5380822 13 
2396 1010 14 916.2697754 517.6412354 0 4 0.9838488 134 118 35 35 0 0 0 0.0666085 0.0261406 0.0714992 0.5573880 0.2944148 0.7752144 1162242943 2699434869 2297865321 3029796875 1858520122 3972379340 386234422 2220539239 67 27 0.0557367 0.2875893 13 
2396 1080 14 428.9145813 182.2313843 0 7 0.9998025 134 134 35 35 0 0 0 0.0761553 -0.2368169 0.8906136 0.0810289 -0.2541606 0.9636977 3880209685 2691574404 1114284660 3759743699 3928542328 785233000 13037221 2690708257 93 76 0.2580674 1.3315716 0 
2396 1084 14 386.9074707 222.8979187 0 2 0.9997776 134 134 35 35 0 0 0 0.0028099 -0.1685370 0.9262065 0.0017264 -0.1771091 0.9841298 4116680208 1731316274 2734558652 1101051709 2163160870 1864472880 3279595257 1806008356 93 87 0.6543472 3.3762894 13 
2396 1044 14 390.3074646 445.1489868 0 3 0.9994161 134 134 35 35 0 0 0 0.0650439 0.0825097 0.3737745 0.1639053 0.2161732 0.9621401 1132296293 4176174946 3962959977 937385305 1851053110 2025681089 3026524255 4114854735 93 91 0.2696251 1.3912066 0 
2396 1046 14 332.2868042 299.3950195 0 4 0.9998416 134 134 35 35 0 0 0 0.0319616 -0.0089119 0.4946441 0.0619623 -0.0145553 0.9977586 1786509769 4034125169 141314281 805625663 1112865206 1069033795 1778449907 4215735139 93 92 0.2868956 1.4803189 0 
2396 1048 14 508.8904114 369.5221558 1 3 0.9992138 134 119 35 35 0 0 0 0.1163651 0.0428611 0.5382050 0.2027542 0.0803281 0.9757997 1763292201 1263783261 145236327 809800082 406862489 401619739 1929502185 2722237144 93 47 0.3835462 1.9790146 0 
2396 1049 14 240.0407715 380.0044556 0 3 0.9996395 134 134 35 35 0 0 0 -0.0822683 0.0509743 0.4280246 -0.1828826 0.1194769 0.9755337 4278962453 3832530708 46678038 1613878065 3457346168 1025162059 9350369 2834307865 93 52 0.2539524 1.3103389 0 
2396 1057 14 427.5138855 261.5219116 0 6 0.9998511 134 134 35 35 0 0 0 0.1240001 -0.0026901 0.5663528 0.2115116 -0.0017352 0.9772155 616395516 2554808872 1840709296 466314711 1659749396 150693865 3160794064 1934029674 93 93 0.1941653 1.0018508 0 
2396 1070 14 308.1629944 211.9949951 0 4 0.9999458 134 134 35 35 0 0 0 0.0005380 -0.1674349 0.9121730 -0.0006950 -0.1785945 0.9838608 3355401559 875504290 3865035448 1737586429 4013782838 1789252065 2163093236 2099377068 93 92 0.4472476 2.3077002 0 
2396 1075 14 498.7462769 178.5067444 1 6 0.9997526 134 115 35 35 0 0 0 0.1931230 -0.2614196 0.9148474 0.1934138 -0.2683065 0.9436740 224878105 1386445318 3875194613 3971327083 4019119226 3995448749 2187472400 2088105327 93 56 0.3906125 2.0154753 1 
2396 1076 14 341.4635010 180.4352875 0 5 0.9999291 134 134 35 35 0 0 0 0.1075606 -0.2259365 0.8775283 0.1165105 -0.2456449 0.9622665 3055348720 2937325965 463746954 55191974 1139393417 3050008446 2136331259 177149968 93 93 0.3667168 1.8921785 0 
2396 1100 15 879.4155273 552.5134277 0 3 0.9908535 134 64 35 35 0 0 0 0.0635171 0.0253828 0.0575172 0.6043036 0.3299110 0.7237586 4204641404 3411340681 413178811 3142121406 284029825 869953339 2069222363 713507282 49 18 0.0583496 0.3010713 13 
2396 1107 15 907.0229492 518.7683716 0 5 0.9884856 134 69 35 35 0 0 0 0.0693134 0.0265976 0.0724215 0.5895010 0.2926463 0.7510198 2125509994 2945766617 422412219 2521759596 301536133 4093266806 2069649259 1603224786 62 25 0.0476295 0.2457577 13 
2396 1108 15 910.1485596 550.7993164 0 4 0.9890789 134 63 35 35 0 0 0 0.0668588 0.0270108 0.0616033 0.6044438 0.3277315 0.7248113 2023079016 2404706729 2024815531 3124819902 284021635 868904731 2138428379 998723792 50 13 0.0518152 0.2673554 13 
2396 1132 15 439.0531921 509.5523071 1 4 0.9879506 134 83 35 35 0 0 0 -0.0013203 0.0362744 0.1174251 -0.0322089 0.2976066 0.9524700 4235902747 2008978034 3883813309 2158427964 2241280958 4280326615 2185166198 3651896367 90 19 0.0711270 0.3669995 0 
2396 1134 15 424.1630859 465.0836182 1 5 0.9983196 134 126 35 35 0 0 0 0.0168352 0.0897106 0.3564434 0.0362844 0.2481726 0.9676894 3857532220 2840022685 179024467 995719507 4197565561 2321150568 365293563 586480615 90 51 0.1774425 0.9155644 0 
2396 1136 15 463.4435425 322.0335083 0 5 0.9996675 134 134 35 35 0 0 0 0.1205207 0.0110835 0.5703360 0.2043549 0.0218663 0.9784959 2023077064 3205590409 404765627 1061697470 275255937 301689906 2119537357 730284226 90 87 0.2811710 1.4507809 0 
2396 1140 15 389.2869263 224.0448761 0 6 0.9996793 134 134 35 35 0 0 0 -0.0019546 -0.1265436 0.6887902 -0.0067939 -0.1789859 0.9837300 3891684573 3162440354 2190443057 1742307193 4001224503 3937261032 2163207167 681702183 90 70 0.2345359 1.2101542 0 
2396 1144 15 461.3294678 190.1253510 1 3 0.9996085 134 123 35 35 0 0 0 0.0876555 -0.1758901 0.6723213 0.1230032 -0.2489566 0.9606249 4271438308 3969371597 154188954 191225254 1130593224 2983882594 994414717 2329361233 90 46 0.4869571 2.5125926 1 
2396 1148 15 365.7944946 203.4258270 0 3 0.9997970 134 134 35 35 0 0 0 0.0149149 -0.1759816 0.8384153 0.0160137 -0.2032797 0.9789168 2924135858 3989733661 182517781 3241724003 3809716824 4283968362 965658033 2331642421 90 87 0.4959912 2.5592065 1 
2396 1153 15 406.5765381 176.9267273 0 5 0.9997692 134 134 35 35 0 0 0 0.0730533 -0.2199131 0.8359730 0.0813982 -0.2515712 0.9643372 3444524501 1752044052 3268288628 3786744657 3929719928 1308996457 81964850 544783141 90 74 0.3486271 1.7988399 0 
2396 1164 15 684.7263184 239.7071838 0 7 0.9998012 134 134 35 35 0 0 0 0.3896146 -0.1069079 0.6716153 0.4960552 -0.1352354 0.8576034 1375059077 3752983530 4097244159 1070512124 410933799 4089445555 3866614350 4253532366 90 43 0.1822799 0.9405245 0 
2396 1205 16 435.3941650 320.9561768 0 3 0.9992927 134 134 35 35 0 0 0 0.0448053 0.0017157 0.5235910 0.0828482 0.0064547 0.9963505 1127592992 2909097917 405094270 894186962 946345625 393836659 1985338989 2730887888 86 69 0.3649356 1.8829881 0 
2396 1207 16 915.8260498 517.8212280 0 7 0.9829903 134 69 35 35 0 0 0 0.0669674 0.0261552 0.0714087 0.5603591 0.2941540 0.7731742 1261564167 2631572985 1211988427 886889982 1601641367 4059701398 4261502063 4152858450 60 20 0.0323058 0.1666909 13 
2396 1212 16 390.0280457 372.9768372 1 2 0.9995319 134 131 35 35 0 0 0 -0.0045917 0.0425607 0.4605592 -0.0014910 0.0944458 0.9953699 233612861 4207612924 2816273490 614162787 2888093275 527432364 2783301486 3428380415 86 29 0.3854536 1.9888563 0 
2396 1236 16 511.7259216 370.2312622 1 4 0.9991806 134 121 35 35 0 0 0 0.1190452 0.0434889 0.5368751 0.2063706 0.0831437 0.9747762 1889087553 508644681 144980459 977310646 1215059072 835865355 978442715 708968648 86 36 0.3192315 1.6471647 0 
2396 1243 16 401.9720154 212.9179688 1 3 0.9997665 134 132 35 35 0 0 0 0.0177824 -0.1862642 0.8857515 0.0183213 -0.2037524 0.9787858 2600724768 3836642268 39354774 3197088 3507710584 4249008722 1754202156 2293242453 86 82 0.6286798 3.2438509 0 
2396 1280 17 392.7793579 466.3299561 1 7 0.9980172 134 73 35 35 0 0 0 -0.0030204 0.0935661 0.3660643 -0.0272240 0.2493842 0.9677852 2017041696 4262972761 149427550 807417270 1073896141 1064446571 974427369 3129362512 83 18 0.1054496 0.5440968 0 
2396 1290 17 447.6080933 189.9614105 0 7 0.9997979 134 134 35 35 0 0 0 0.1221446 -0.2518254 1.0076874 0.1156023 -0.2390848 0.9640425 2011156225 3077024304 3832417142 1619059699 203714099 1057880289 7729006 700510314 83 75 0.2432276 1.2550012 0 
2396 1293 17 4.6792908 342.8262024 0 4 0.9999564 134 134 35 35 0 0 0 -0.5337335 0.0488760 0.9866845 -0.4757301 0.0449676 0.8784085 3984159560 947867184 1819503656 1879578591 1784520086 1282511049 2217408997 1896325992 83 70 0.6498011 3.3528321 0 
2396 1300 17 530.4797363 163.3621216 0 5 0.9999400 134 134 35 35 0 0 0 1.1209038 -0.4795497 2.1866937 0.4472376 -0.1908731 0.8738028 2113892568 875646530 2900803760 990060473 3237606694 217447905 7400295 4196905071 83 83 0.8384511 4.3262248 0 
2396 1302 17 510.5981445 503.1343689 1 7 0.9822897 134 83 35 35 0 0 0 0.0134198 0.0340684 0.1161279 0.0572810 0.2853515 0.9537862 3965143541 810501632 1122205792 1939960659 3929863280 204575593 15182001 543208232 83 14 0.0410220 0.2116646 1 
2396 1303 17 305.1379700 209.9212189 0 7 0.9999549 134 134 35 35 0 0 0 -0.2949626 -0.2479317 1.6205984 -0.1776828 -0.1477481 0.9729152 1475603422 3032438947 3895901417 937295469 4093474102 1622069696 2943187579 1703392999 83 81 0.4648876 2.3987188 0 
2396 1340 18 767.6954346 207.5964813 1 3 0.9998643 134 65 35 35 0 0 0 0.6056336 -0.2016912 0.8240607 0.5778750 -0.1930188 0.7929484 4139760728 861269161 430661561 1526773695 7174053 665995578 1532297179 2072461504 79 6 0.7238721 3.7350218 0 
2396 1343 18 240.2170715 162.7810974 1 6 0.9997784 134 88 35 35 0 0 0 -0.2851366 -0.2845200 0.9439623 -0.2839191 -0.2753157 0.9184396 95132489 1998836818 2767113636 4104304432 2364157548 1807063425 2150770037 4179886827 79 28 0.3437103 1.7734699 0 
2396 1346 18 335.9364319 174.7196808 1 1 0.9998255 134 123 35 35 0 0 0 -0.1271041 -0.3348028 1.1852722 -0.1083631 -0.2681113 0.9572468 1620620120 3210030506 967687586 306882327 284006311 298535706 4248159739 462340832 79 51 1.0315720 5.3226862 1 
2396 1360 18 111.6989136 274.4769592 0 7 0.9999258 134 134 35 35 0 0 0 -0.4407914 -0.1014109 1.7609007 -0.2429470 -0.0548200 0.9684747 1183965564 3896926105 145335395 2521657698 2053686424 687563595 1057344699 575044451 79 72 0.6088655 3.1416130 0 
2396 1362 19 878.8613892 552.0804443 0 2 0.9914222 134 64 35 35 0 0 0 0.0654114 0.0262363 0.0593186 0.6071752 0.3293531 0.7217035 4070488188 3343969673 430307243 457899966 284816257 832195390 2069222363 1519273362 33 4 0.0694683 0.3584410 19 
2396 1363 19 810.2677002 503.2817078 1 2 0.9847351 134 120 35 35 0 0 0 0.0756023 0.0315532 0.1153439 0.4525208 0.2437154 0.8573050 4039063764 307358888 413573046 1531033495 276690849 548556090 2037564377 1663517088 74 17 0.1133431 0.5848255 19 
2396 1372 19 891.9011230 409.8239746 1 3 0.9983642 134 128 35 35 0 0 0 0.2153129 0.0294406 0.2423940 0.6459177 0.0990563 0.7565608 1205691512 658852745 414163747 306198387 48813569 551143512 827708387 717640290 65 43 0.2198003 1.1341218 19 
2396 1373 19 380.7465515 552.3568115 1 2 0.9025515 134 66 35 35 0 0 0 -0.0143369 0.0193865 0.0545590 -0.4140017 0.3183145 0.8515345 4071995598 2652761513 2109012911 3209232382 285046663 4059778323 4200584159 2072462474 73 4 0.0485071 0.2502859 19 
2396 1382 19 444.4847107 356.0588989 0 4 0.9992263 134 134 35 35 0 0 0 0.0616701 0.0368026 0.5034253 0.1175003 0.0759276 0.9899425 4089231434 2277113005 286195626 3930242988 301555623 3790821398 1667168207 1267549314 74 67 0.2459833 1.2692204 19 
2396 1387 19 461.4017639 205.3706360 1 7 0.9998380 134 128 35 35 0 0 0 0.1460482 -0.2384282 1.0435683 0.1339353 -0.2194741 0.9663328 3206257688 2008655698 4132307734 1076425725 2150841207 924555283 3225085908 2611068984 74 34 0.2513514 1.2969185 19 
2396 1389 19 367.7257690 521.8253174 1 7 0.9560747 134 63 35 35 0 0 0 -0.0157396 0.0201925 0.0644453 -0.2730173 0.2893243 0.9095017 3208404305 2122156860 2782815292 1091771383 1702864850 492149096 2418717668 1529977372 74 3 0.0183858 0.0948667 19 
2396 1395 19 419.2148438 349.5784912 0 3 0.9996125 134 134 35 35 0 0 0 0.0704214 0.0366325 0.5040826 0.1353870 0.0749380 0.9877508 439662858 2947603769 221011375 2488196780 284900229 1975142806 2065520559 3750691930 74 66 0.2960235 1.5274162 19 
2396 1427 20 545.0407715 288.7266235 1 2 0.9992537 134 129 35 35 0 0 0 0.1593281 -0.0405199 0.5538973 0.2657429 -0.0669520 0.9615971 3129108727 3361355019 2644619963 2655767119 3622693369 3000649516 1070191250 371881912 71 36 0.4806674 2.4801385 20 
2396 1413 20 512.8229980 321.7012634 0 3 0.9994332 134 134 35 35 0 0 0 0.1296287 -0.0030254 0.5686483 0.2174322 -0.0021630 0.9760023 2125783544 3176483241 950345635 457757055 1626198657 835348330 997577683 734433378 71 43 0.4050085 2.0897555 20 
2396 1414 20 516.6246338 346.8357239 1 3 0.9992636 134 126 35 35 0 0 0 0.1183435 0.0192569 0.5148129 0.2189676 0.0396499 0.9747683 1734051653 3178172080 1683941496 1889039319 1846832695 1311609073 2217193452 696513036 71 26 0.3671384 1.8943542 20 
2396 1418 20 262.2541504 367.1023254 0 3 0.9995315 134 134 35 35 0 0 0 -0.0774195 0.0415472 0.4534929 -0.1695545 0.0933068 0.9808623 3063166429 2941529769 1571011515 2605314767 845989781 584795964 1047917241 59469960 71 67 0.2704499 1.3954624 20 
2396 1419 20 488.3624878 377.3098755 1 5 0.9990034 134 122 35 35 0 0 0 0.0836397 0.0452418 0.4785848 0.1611106 0.0954529 0.9821624 1634770984 41483605 2575115563 272764815 281517451 2547069966 1930485199 3259927783 71 36 0.2357852 1.2166002 20 
2396 1433 20 276.3742065 502.4181824 1 4 0.9540828 134 66 35 35 0 0 0 -0.0241909 0.0142421 0.0517770 -0.4325719 0.2475113 0.8615317 4154309716 3208998568 413842366 1527347191 711751553 719015225 343256009 579039424 56 3 0.0274716 0.1417472 20 
2396 1437 20 622.7979736 529.1343384 1 2 0.9791836 134 76 35 35 0 0 0 0.0343635 0.0365651 0.1111468 0.2070650 0.3123848 0.9235265 1965394401 669322765 149595361 1997547955 1835853384 234223864 272956133 1758656579 71 13 0.1020890 0.5267571 20 
2396 1453 20 372.6416626 522.3211670 1 2 0.9249099 134 103 35 35 0 0 0 -0.0152423 0.0201343 0.0641984 -0.3773457 0.2906346 0.8782541 2661735258 3904804669 2278988959 3325552876 3355437039 4246719430 2614064826 1597599254 71 15 0.0530421 0.2736854 20 
2396 1466 20 441.5853577 343.4281616 0 2 0.9992471 134 134 35 35 0 0 0 0.0642197 0.0262093 0.4954077 0.1233357 0.0553730 0.9906077 457501241 129014031 3108386782 2379137190 300558883 902790150 2068915732 2396720231 71 53 0.3483931 1.7976321 20 
2396 1467 20 431.5751343 320.3910522 0 4 0.9992925 134 134 35 35 0 0 0 0.0355003 -0.0012216 0.5039161 0.0677972 0.0009102 0.9974927 1956616272 655715465 145396651 2046867446 6846369 1089686289 458686419 981950656 71 56 0.2446103 1.2621360 20 
2396 1469 20 301.7211609 508.6381531 1 4 0.9561413 134 73 35 35 0 0 0 -0.0215843 0.0141614 0.0501643 -0.3857980 0.2564709 0.8808215 2006951120 2943709056 413316020 990410743 677926785 760999225 1416997833 717713632 57 6 0.0263797 0.1361137 20 
2396 1475 20 133.4509277 356.1612549 0 2 0.9995563 134 134 35 35 0 0 0 -0.1195639 0.0379978 0.4995397 -0.2337007 0.0768323 0.9690869 2012081389 3094290028 343407219 2073788411 4001219639 805303465 2229664591 1901245295 71 67 0.3619462 1.8675635 20 
2396 1407 20 396.5935364 274.0829163 0 1 0.9996142 134 134 35 35 0 0 0 0.0401858 -0.0366237 0.4873547 0.0866261 -0.0709343 0.9935627 1897522528 2404773353 405550907 273160118 272636545 335243850 2098501101 2865123392 71 51 0.4100477 2.1157565 20 
2396 1482 21 910.8962402 549.6761475 0 4 0.9858788 134 128 35 35 0 0 0 0.0526812 0.0250636 0.0698840 0.5547676 0.2850669 0.7760352 1830008077 980037424 1148856701 3028841439 1851543188 1599189137 1143078565 558080842 53 8 0.0526819 0.2718273 0 
2396 1485 21 300.9540710 483.4207458 1 5 0.9463660 134 98 35 35 0 0 0 -0.0212168 0.0109447 0.0466516 -0.3993875 0.2086305 0.8885068 4206475644 3729902985 145494499 843636543 1484649345 838495002 2098585051 717619952 52 23 0.0210605 0.1086676 0 
2396 1492 21 576.4697266 491.4476318 1 7 0.9972861 134 84 35 35 0 0 0 0.0397244 0.0414425 0.1504585 0.2623142 0.2558829 0.9303637 628049884 860775058 3822773812 1351692115 3887988086 239440120 2179852274 1890906661 67 16 0.0374523 0.1932458 0 
2396 1533 21 250.4607239 384.3208618 0 7 0.9995824 134 134 35 35 0 0 0 -0.0927342 0.0594642 0.4843912 -0.1884219 0.1227366 0.9741891 1723704677 2831568861 144814675 861763922 1785775769 1056662269 1011211903 575863745 67 66 0.1386365 0.7153344 0 
2396 1534 21 362.9364624 193.5341492 0 7 0.9999818 134 134 35 35 0 0 0 -0.1385545 -0.7636968 3.1525140 -0.0430348 -0.2346650 0.9711182 982558205 3981880793 430510483 2420833151 1457572761 869944126 2131089403 2194309114 67 58 0.7550682 3.8959873 0 
2396 1654 23 151.5338898 354.3184509 0 7 0.9999251 134 134 35 35 0 0 0 -0.1094814 0.0313254 0.4571143 -0.2340980 0.0698604 0.9694835 1782195040 1346604156 150834400 272744883 1480964248 148906506 958447091 2873527104 61 60 0.1577653 0.8140347 0 
2396 1684 24 492.4221802 358.5597534 0 6 0.9995125 134 134 35 35 0 0 0 0.1262413 0.0451132 0.5793014 0.2089627 0.0789319 0.9745685 1094722351 943856501 3971655785 3029665803 1858389150 3435508429 3072416822 2236264271 57 52 0.2389608 1.2329855 0 
2396 1687 24 -4.6973572 128.1149292 1 6 0.9999136 134 133 35 35 0 0 0 -0.3476458 -0.1535469 0.4252215 -0.6030234 -0.2698075 0.7506695 1639526701 2558226276 1820126315 943923103 2052545942 284766339 3827424719 4081492930 36 21 0.1909939 0.9854869 0 
2396 1691 24 399.3524170 335.2917480 0 7 0.9996679 134 134 35 35 0 0 0 0.0609343 0.0239489 0.4906234 0.1204504 0.0516809 0.9911570 2594353514 3432043993 697062795 2490293804 1373322185 2985970462 2065651099 3752789650 57 54 0.1657653 0.8553127 0 
2396 1764 25 -19.7400208 185.1994934 1 2 0.9999754 134 131 35 35 0 0 0 -0.6295976 -0.1847443 0.7732233 -0.6170081 -0.1818458 0.7656478 3200169006 3386048509 1037958047 2188311758 872381917 3757729687 4283422623 3617419162 31 16 0.7042357 3.6337025 0 
2396 1765 25 -83.5739746 281.9933167 0 3 0.9999927 134 134 35 35 0 0 0 -0.5112142 -0.0479985 0.6473911 -0.6138430 -0.0570521 0.7873470 1975285996 3044888552 414629491 989937631 712889735 687469800 360045511 3955683554 31 21 0.4781784 2.4672961 0 
2396 1721 24 494.1771240 441.3515320 1 2 0.9995411 134 130 35 35 0 0 0 0.0653678 0.0768735 0.3731671 0.1794541 0.2001484 0.9631559 1694391933 811560608 548916961 2075361115 4001231910 1210181097 2430659571 1902572391 57 8 0.3221414 1.6621796 0 
2396 1746 24 -14.5079041 345.2027283 0 3 0.9999793 134 134 35 35 0 0 0 -0.6403927 0.0623509 1.1882563 -0.4742524 0.0473358 0.8790929 1853550937 895212595 771705897 4027244479 1155382710 3719302095 2602630643 1536132714 56 38 0.9383852 4.8418627 0 
2396 1751 24 289.0566406 227.9488983 0 7 0.9999556 134 134 35 35 0 0 0 0.0084421 -0.2344867 1.4541891 0.0059649 -0.1579581 0.9874020 2918046539 3095350816 3848201262 1921214461 4009579798 1777176777 2221930468 2030563876 56 53 0.4111411 2.1213984 1 
2396 1752 24 64.8265076 340.8806763 0 7 0.9999357 134 134 35 35 0 0 0 -0.6027116 0.0548060 1.1034474 -0.4792583 0.0448325 0.8765022 3845746889 813526560 1282894380 1895897055 1784517942 1290900585 73591237 1896330024 56 35 0.3506428 1.8092403 1 
2396 1767 25 -70.4487305 169.0763550 0 4 0.9999582 134 134 35 35 0 0 0 -0.5005925 -0.1664893 0.5880430 -0.6291459 -0.2109172 0.7481031 2678910918 2831064301 261602975 1197468140 1475045329 4224413030 3150918639 1327333250 29 16 0.3809817 1.9657828 0 
2396 1768 25 -56.6139221 275.9820862 0 5 0.9999849 134 134 35 35 0 0 0 -0.4972538 -0.0474550 0.6270557 -0.6156031 -0.0586374 0.7858508 1975285996 2541051816 414629867 457392127 142440325 552826080 292944839 2076635330 30 17 0.3221825 1.6623915 0 
2396 1771 25 -1.0504150 128.0907593 1 7 0.9998077 134 91 35 35 0 0 0 -0.3592431 -0.1596722 0.4382797 -0.6038301 -0.2717684 0.7493151 1631154477 2558218100 1283254379 818093983 2018974878 1223798921 2753945071 4081562570 31 12 0.1643124 0.8478163 0 
2396 1808 25 504.3009644 337.8928223 1 4 0.9995173 134 132 35 35 0 0 0 0.1246444 0.0132640 0.5911916 0.2039774 0.0247000 0.9785181 2092743784 118877641 430184371 440448950 15299529 869953306 995407811 2860925138 52 47 0.3497303 1.8045322 0 
2396 1819 25 381.9173279 207.9018707 0 5 0.9998031 134 134 35 35 0 0 0 0.0128941 -0.1811195 0.8637395 0.0156787 -0.2032909 0.9789426 4198419900 3998476253 317462486 18930035 1912863449 1058680634 1837485931 2733906417 52 45 0.3547048 1.8301992 0 
2396 1821 25 324.3029175 204.3154297 0 6 0.9999495 134 134 35 35 0 0 0 0.0620160 -0.2282047 1.1435996 0.0538968 -0.1939629 0.9794984 4201678332 3948212685 451745367 3580425035 849590873 3209327226 1875246075 2197736499 52 27 0.3910919 2.0179486 0 
2396 1826 25 79.3120422 158.0962830 0 3 0.9999512 134 134 35 35 0 0 0 -0.5599214 -0.2869333 0.9502777 -0.4892002 -0.2506119 0.8353608 2474934470 2393928909 285456287 3478043340 301680577 3235597366 1205809679 3332197762 52 18 0.6595370 3.4030669 0 
2396 1828 25 97.0111694 337.0431519 0 4 0.9999089 134 134 35 35 0 0 0 -0.6023794 0.0561987 1.1094626 -0.4770778 0.0459095 0.8776324 4000904016 945507890 1845316653 277503967 1667079606 1568182984 2283990519 1934066468 52 41 0.6084140 3.1392837 1 
2396 1830 25 493.6646118 448.9269409 1 5 0.9991995 134 129 35 35 0 0 0 0.0800602 0.0974532 0.4415846 0.1733848 0.2171252 0.9603435 1195571979 3043922546 3833514085 4103488249 3998641206 1840617669 3223792750 3723208303 52 44 0.2212322 1.1415099 13 
2396 1835 25 71.1387329 226.9458313 0 5 0.9999331 134 134 35 35 0 0 0 -0.5874466 -0.1749154 1.0655880 -0.4783382 -0.1410617 0.8667380 3154955482 2921002013 332273055 3223519150 2176578505 4292561710 2073753595 171773072 52 20 0.4940261 2.5490665 0 
2396 1838 25 162.7903900 239.6571503 0 7 0.9999722 134 134 35 35 0 0 0 -0.2415577 -0.1683095 1.2134715 -0.1942405 -0.1333411 0.9718173 1114107385 4134444819 2628707513 2501119339 2127095350 1060175353 1879427387 2093648995 52 39 0.2904020 1.4984111 0 
2396 1865 26 705.6049805 495.1590576 1 3 0.9960691 134 132 35 35 0 0 0 0.0591011 0.0336289 0.1248386 0.4295301 0.2430053 0.8684748 3134761336 3646082456 161756595 272815927 1355135880 836389658 2032517627 177111536 48 18 0.0987199 0.5093730 0 
2396 1875 26 461.5727844 352.6851501 1 2 0.9994472 134 126 35 35 0 0 0 0.0466094 0.0197499 0.3978117 0.1231472 0.0525540 0.9909420 1639752556 424759228 430292290 977935827 820843665 283729946 2099628495 1675004624 48 28 0.3341829 1.7243110 0 
2396 1911 27 802.7388916 492.8730774 1 7 0.9933249 134 124 35 35 0 0 0 0.0801317 0.0320368 0.1234829 0.5101341 0.2235827 0.8286721 2061279336 2404411816 967131058 441119126 283939465 332033850 2104874971 181291248 44 13 0.0504524 0.2603235 0 
2396 1901 26 672.8098145 70.3872223 0 1 0.9999682 134 134 35 35 0 0 0 0.7646623 -0.5590525 0.9309195 0.5750639 -0.4197718 0.7021700 1066181664 2940268477 417938262 403206370 6294233 357263898 2135996045 2329299152 48 46 0.9242596 4.7689781 1 
2396 1896 26 99.6140442 161.4673157 0 3 0.9999141 134 134 35 35 0 0 0 -0.4444313 -0.2385519 0.8051375 -0.4665148 -0.2494827 0.8485640 2299570435 3485128189 1113067918 3294943916 3516087240 4116331095 1804472364 2394492444 48 15 0.5498210 2.8369563 0 
2396 1947 27 737.7819824 22.9779816 0 2 0.9999176 134 134 35 35 0 0 0 0.6760278 -0.4943353 0.8229002 0.5745077 -0.4196525 0.7026822 604679585 658911125 149586672 269509091 776531544 802208632 268742369 2832366145 43 41 0.9745428 5.0284281 13 
2396 1965 28 892.0869141 410.2680664 1 7 0.9980950 134 123 35 35 0 0 0 0.2182233 0.0300697 0.2454335 0.6391606 0.1001365 0.7623578 1513336834 1169280083 2087787947 2485968684 281484197 4122086162 3392811037 4154918082 39 28 0.0906130 0.4675433 13 
2396 2017 29 336.6889648 441.9944458 1 7 0.9993753 134 126 35 35 0 0 0 -0.0512465 0.1081426 0.4936114 -0.0955461 0.2160948 0.9716465 1694121803 3615470835 3850292521 886554429 2645950374 3902970518 2336030074 4293317863 34 26 0.1700982 0.8776698 0 
2396 2026 29 434.3861084 326.9091797 0 3 0.9994423 134 134 35 35 0 0 0 0.0415518 0.0045831 0.5250581 0.0783184 0.0121668 0.9966561 1469937889 3160689737 1478947577 994128886 1786279040 721122401 810924711 675442760 34 27 0.3657775 1.8873321 0 
2396 2027 29 517.6726074 282.3263550 1 3 0.9997554 134 131 35 35 0 0 0 0.1376693 -0.0478563 0.5762597 0.2346772 -0.0784136 0.9688247 1459400054 2879349722 2309875251 872834386 779220511 536726392 1430597243 1892082403 34 27 0.4136511 2.1343498 1 
2396 2006 28 873.4681396 314.1065674 1 4 0.9989047 134 126 35 35 0 0 0 0.2603254 -0.0149303 0.2938618 0.6504727 -0.0319028 0.7585896 3172895824 2808660498 2160722358 1344324453 2150154083 2130942266 1092265656 145293360 38 29 0.2219103 1.1450087 19 
2396 2007 28 578.7942505 195.0309906 0 6 0.9999665 134 134 35 35 0 0 0 0.6147496 -0.2679915 1.2180452 0.4400363 -0.1910140 0.8773921 1434407121 363941378 2095497336 989926839 1216132134 1290925281 40938453 2065895529 38 35 0.5575043 2.8766005 13 
2396 2008 28 330.7378235 311.5592346 0 6 0.9998961 134 134 35 35 0 0 0 0.0338023 -0.0079843 0.5135286 0.0632544 -0.0122217 0.9977241 1529128737 1709219765 1148197356 2778466474 1027998344 2638330038 1345477164 2363165771 38 38 0.1436438 0.7411707 0 
2396 2058 30 446.1496582 281.6662903 1 5 0.9995885 134 128 35 35 0 0 0 0.0517523 -0.0431093 0.5340610 0.1006451 -0.0763354 0.9918605 2050555304 3193425401 673987659 826611122 1120164481 1064971882 2067126639 3955628114 29 16 0.2595928 1.3394420 0 
2396 2060 30 262.5679932 383.4784546 0 6 0.9994243 134 134 35 35 0 0 0 -0.1233875 0.0633750 0.5133532 -0.2329927 0.1224104 0.9646735 4070423878 3071536312 2022373802 1380513782 283989893 1945848123 4265579753 998719616 29 24 0.1780865 0.9188874 0 
2396 2061 30 377.2319031 178.7114410 0 7 0.9999431 134 134 35 35 0 0 0 0.1118018 -0.2311689 0.9145524 0.1163863 -0.2414795 0.9633405 2509710787 662973323 1351267294 4022644868 829040321 3268922165 1449071260 75590792 29 29 0.2651047 1.3678825 0 
2396 2079 30 659.7584229 264.4409485 1 7 0.9998649 134 131 35 35 0 0 0 0.4395755 -0.1067255 0.8513063 0.4586814 -0.1084783 0.8819170 2966597206 3258493387 3144693695 1497689869 2431122231 4085668658 3948922591 2342994341 29 27 0.2696773 1.3914757 1 
2396 2092 30 378.7296753 318.5978394 0 7 0.9997360 134 134 35 35 0 0 0 0.0378233 0.0074991 0.4230394 0.0860397 0.0215629 0.9957665 1683718104 1885064818 3979267233 381933375 2119037990 783320939 2284161529 2032575338 29 21 0.0987933 0.5097517 0 
2396 2119 31 350.3142700 310.1869812 0 3 0.9998219 134 134 35 35 0 0 0 0.0386218 0.0016657 0.4661964 0.0929665 0.0069118 0.9955630 1639791917 2188603313 405533054 977352150 2053657745 16379953 1950731213 2722331072 23 21 0.2707155 1.3968328 0 
2396 2125 31 471.6114502 195.6534119 1 7 0.9998210 134 129 35 35 0 0 0 0.1428647 -0.2253998 0.9040014 0.1506750 -0.2368042 0.9597305 3997945682 4279190034 3800755204 1621124977 3927832438 1869450089 2427430649 2040918581 23 19 0.2192111 1.1310813 0 
2396 2152 32 452.1122742 283.3966370 1 3 0.9998009 134 131 35 35 0 0 0 0.0547904 -0.0399799 0.5119565 0.1196771 -0.0747282 0.9899344 940647542 1746061657 161526923 358924326 1934289369 499802990 990220473 2248550736 18 12 0.3586318 1.8504622 0 
2396 2164 32 540.6641235 287.3153992 1 6 0.9996452 134 130 35 35 0 0 0 0.1703487 -0.0459862 0.6081483 0.2728696 -0.0698550 0.9594853 2157981276 3626707865 2374820970 516155076 2135475285 1794966400 2089747672 1947694990 18 12 0.2544801 1.3130617 0 
2396 2166 32 317.7569275 463.4052124 1 6 0.9538537 134 124 35 35 0 0 0 -0.0207258 0.0111666 0.0538286 -0.3611179 0.2070367 0.9048209 1696402761 929549876 1214949496 805319671 678180496 265402473 270581741 709001280 18 5 0.0163965 0.0846025 0 
2396 2127 31 274.5689087 122.1527863 0 1 0.9998064 134 134 35 35 0 0 0 -0.2085449 -0.3442043 0.8942755 -0.2172808 -0.3489608 0.9115649 4285383956 3159320214 2186278230 1629124595 3929669201 1031655448 1103490031 1926560549 23 17 0.8172176 4.2166648 0 
2396 2175 32 396.0467529 261.5322571 1 3 0.9998872 134 131 35 35 0 0 0 0.0097690 -0.1068744 0.9369742 0.0158764 -0.1113211 0.9936337 2105376392 305916450 3849768620 998447039 1123906982 744742049 2154488774 4211585388 18 15 0.6549308 3.3792996 0 
2396 2196 32 891.1395264 518.5047607 0 2 0.9877710 134 0 35 35 0 0 0 0.0668707 0.0253352 0.0683946 0.5750500 0.2936066 0.7624719 1889804536 1129377549 430093811 2604964098 283743432 2429775628 2077291475 39717091 8 3 0.0782817 0.4039164 13 
2396 2198 32 877.3982544 314.0178223 1 3 0.9988787 134 127 35 35 0 0 0 0.2588521 -0.0149261 0.2899950 0.6532105 -0.0322138 0.7562160 3105531920 3342368914 289542582 1080087485 2436578275 2006161714 1092544493 2325807280 18 5 0.2221016 1.1459955 13 
2396 2199 32 806.0933838 495.2094116 1 5 0.9974025 134 131 35 35 0 0 0 0.0693427 0.0282976 0.1089297 0.5476317 0.2205190 0.8062495 2057086200 2404478345 430258098 457765746 283677321 333080378 2102784987 47073488 18 9 0.0650118 0.3354465 1 
2396 2220 33 405.0969238 459.1997070 1 6 0.9983757 134 130 35 35 0 0 0 0.0025252 0.0800741 0.3321378 0.0060214 0.2392202 0.9707009 3312402709 2028946950 48218212 1622923089 3997101180 1279103433 2225810929 4032869157 14 10 0.1150877 0.5938274 0 
2396 2233 33 462.8038025 365.9385376 1 3 0.9994420 134 131 35 35 0 0 0 0.0639895 0.0377741 0.4993924 0.1304017 0.0807791 0.9879318 4122809943 444152494 4137156525 4024118991 2549994855 3236382117 2533094294 1428551078 14 11 0.3513576 1.8129287 20 
2396 2240 33 347.8127441 465.2606812 1 3 0.9601299 134 130 35 35 0 0 0 -0.0184064 0.0101918 0.0504697 -0.2486610 0.2335565 0.9199440 1702712653 3094285876 1283385468 1905341907 1853641878 251244777 2221277159 1900196680 14 9 0.0366443 0.1890768 20 
2396 2252 33 709.2882690 491.7604980 0 5 0.9949880 134 134 35 35 0 0 0 0.0602174 0.0341745 0.1269230 0.4289886 0.2491391 0.8662499 3130829180 3478191497 162346411 2588606255 284013449 836389662 2065552859 177096624 14 5 0.0701874 0.3621517 13 
2396 2275 34 318.1139221 487.9814453 1 1 0.9779674 134 133 35 35 0 0 0 -0.0205039 0.0105827 0.0448860 -0.2556592 0.2559322 0.9234449 4072455292 2673212841 430227379 457375679 285079425 2969194298 2104873947 1536049378 9 6 0.0401108 0.2069629 34 
2396 2278 34 822.1759033 513.0888672 1 4 0.9977619 134 130 35 35 0 0 0 0.0627353 0.0277605 0.0971942 0.5621066 0.2346640 0.7923030 1704817728 929394336 1479191088 1942042519 678188547 181524577 343255021 964948136 9 5 0.0718123 0.3705357 34 
2396 2222 33 509.0937195 322.6252747 0 7 0.9993166 134 134 35 35 0 0 0 0.1150865 -0.0018388 0.5252159 0.2078048 -0.0005072 0.9780288 637024861 2555608739 2914971169 516111839 2013121847 16642189 3076913119 1930426346 14 12 0.1502029 0.7750141 0 
2396 2300 34 831.1137695 312.6487122 1 4 0.9996324 134 130 35 35 0 0 0 0.3860960 -0.0219489 0.4685009 0.6314291 -0.0336194 0.7746004 1706254433 879169316 1215998560 819016147 1785515032 146911433 73772773 676510536 9 5 0.3545200 1.8292457 34 
2396 2305 34 317.3179932 486.8554688 1 1 0.9616200 134 132 35 35 0 0 0 -0.0206535 0.0107802 0.0458057 -0.2947592 0.2513793 0.9033628 4072455292 2673208745 430751675 457899983 285071233 2983874362 2136331227 1385058786 9 6 0.0408987 0.2110282 34 
2396 2308 34 321.9775696 486.3040466 1 3 0.9606376 134 130 35 35 0 0 0 -0.0202210 0.0105941 0.0453599 -0.2895402 0.2505445 0.9047903 4070357108 2404773289 429965243 457768926 284022657 870009658 2136332251 176640192 9 3 0.0336850 0.1738074 34 
2396 2310 34 871.7183228 511.6687012 1 6 0.9911664 134 0 35 35 0 0 0 0.0593782 0.0229285 0.0834644 0.5567743 0.2321037 0.7944552 3062675144 525909160 1032175538 457879471 351131525 583749182 4252881866 1267613824 9 2 0.0443644 0.2289105 34 
2396 2360 35 348.2687073 463.8179932 0 2 0.9841477 134 134 35 35 0 0 0 -0.0184001 0.0097268 0.0482331 -0.1737480 0.2180534 0.9532573 1731804457 3161919412 1216276604 813773271 1784438428 259635433 338034663 3913480770 4 3 0.0416046 0.2146708 35 
2396 2361 35 454.6400757 473.5049744 0 2 0.9981496 134 134 35 35 0 0 0 0.0044515 0.0347341 0.1354782 0.0982861 0.2553438 0.9609181 3138691202 3367544172 1934694798 1266212796 288562127 3511309842 3942256965 2208369044 4 4 0.1182979 0.6103914 35 
2396 2363 35 313.2871399 398.9770203 0 3 0.9928198 134 134 35 35 0 0 0 -0.0244963 0.0080006 0.0722306 -0.1997528 0.1250789 0.9686543 851290312 2790387113 429965306 994099134 300708737 835350322 2071450589 1787248832 4 3 0.0511282 0.2638102 35 
2396 2339 35 339.7509766 464.2904663 1 2 0.9749157 134 0 35 35 0 0 0 -0.0190586 0.0099148 0.0495659 -0.2386364 0.2049833 0.9409990 1744401484 3162443504 1752607292 1888057303 1786535479 1860826337 2149957615 558101312 4 1 0.0427542 0.2206024 35 
2396 2341 35 597.1193848 504.9248047 1 2 0.9966566 134 0 35 35 0 0 0 0.0309953 0.0337026 0.1160330 0.2957033 0.2720000 0.9144819 4263500864 926272560 1078593980 1612773308 8205188 2098366833 41858785 1000407048 4 1 0.1084529 0.5595934 35 
2396 2342 35 446.7311096 379.6682739 1 2 0.9997618 134 0 35 35 0 0 0 0.0421511 0.0449346 0.4458496 0.1109820 0.1036170 0.9883060 3144668894 3208636082 4158611263 1772779340 2730481655 4146840755 3355338747 1940215222 4 1 0.3767396 1.9438940 35 
2396 2343 35 294.7350464 359.1979370 0 3 0.9997224 134 134 35 35 0 0 0 -0.0840886 0.0338589 0.4469596 -0.1679812 0.0773239 0.9826080 4093443462 3636387068 2881281979 190840829 3623875567 4090126822 4293876607 3554669509 4 3 0.3150909 1.6258003 35 
2396 2345 35 384.1210938 427.0346680 1 4 0.9994753 134 0 35 35 0 0 0 -0.0103275 0.0634562 0.3395415 -0.0077402 0.1873069 0.9820143 2477698247 2213065965 362019775 1264511724 360400833 4057681334 1860123295 1324960904 4 1 0.2002251 1.0331178 35 
2396 2349 35 344.5412903 470.3553162 1 6 0.9767283 134 0 35 35 0 0 0 -0.0185511 0.0098903 0.0476426 -0.2286952 0.2225055 0.9407651 1698508128 929517232 141207664 302068695 1785493136 248641641 270925807 709030464 4 1 0.0198550 0.1024477 35 
2396 2350 35 431.9238586 316.8964233 1 6 0.9996035 134 0 35 35 0 0 0 0.0340641 -0.0063758 0.4871833 0.0756422 -0.0117982 0.9969348 1713109441 3849571411 141083002 809537854 1481702832 1873853011 1778691197 2864906824 4 1 0.1968136 1.0155150 35 
2396 2327 35 799.2567749 493.2673645 1 2 0.9940039 134 0 35 35 0 0 0 0.0822077 0.0332559 0.1274216 0.5163643 0.2253082 0.8237778 2126425336 3344035241 413439923 457242423 283947649 871526202 2037760987 717635810 4 4 0.1370429 0.7071117 35 
2396 2328 35 453.0975342 357.2404175 1 2 0.9673963 134 0 35 35 0 0 0 -0.0113663 -0.0011937 0.0317010 -0.0411961 0.0029068 0.9846198 4206734432 2270555565 413941755 457243574 410612609 872050490 2069225435 717637840 4 1 0.0266827 0.1376769 35 
2396 2331 35 455.1455078 442.1468506 1 3 0.9995261 134 0 35 35 0 0 0 0.0348837 0.0722129 0.3451605 0.1168530 0.2055917 0.9714673 3141186826 1739640319 324818334 1076034220 295381995 3608283926 1797150701 3417902232 4 1 0.2477569 1.2783718 35 
2396 2336 35 817.0722656 509.4219971 1 6 0.9980661 134 133 35 35 0 0 0 0.0648378 0.0283435 0.1008952 0.5635142 0.2327065 0.7918223 916336348 3222338187 3114776242 3679184719 3018716583 42616636 2105402330 1395619232 4 3 0.0532714 0.2748688 35 
2396 2337 35 809.9114380 508.3890381 1 6 0.9980474 134 0 35 35 0 0 0 0.0466288 0.0214934 0.0792668 0.5638658 0.2270172 0.7928303 3068016350 1211640362 4287862457 2605443663 3018716583 3364078892 2440815568 51376548 4 1 0.0415863 0.2145763 35 
2396 2321 34 69.5468750 340.7009888 0 2 0.9998746 134 134 35 35 0 0 0 -0.4994577 0.0450861 0.9249843 -0.4727791 0.0452578 0.8799442 2801449819 895474875 767487403 4064460479 100530086 2779990487 3141402107 2073003530 9 9 0.7278501 3.7555475 34 
2396 2351 35 256.4411011 358.3350830 1 6 0.9997494 134 0 35 35 0 0 0 -0.1245679 0.0355854 0.4795498 -0.2361120 0.0745421 0.9687415 4265593033 3025783852 9838317 1930483711 1249751172 4246867432 410188739 1764065282 4 1 0.1982708 1.0230339 35 
2396 2352 35 510.3770142 345.3796387 0 6 0.9998142 134 134 35 35 0 0 0 0.1135189 0.0200083 0.5159714 0.2265944 0.0393286 0.9731213 1704555597 444034720 137276008 985756631 712799251 183628873 342228933 553907176 4 3 0.2139330 1.1038476 35 
2396 2358 35 410.6663208 380.6216431 1 7 0.9996021 134 0 35 35 0 0 0 0.0092150 0.0419141 0.4036027 0.0414949 0.1063709 0.9932771 3941196924 3369854237 179152723 274585947 2569002201 3556385546 1032052211 578223063 4 2 0.0946167 0.4882013 35 
2396 2359 35 472.0866394 360.5831299 0 7 0.9998390 134 134 35 35 0 0 0 0.0945306 0.0434568 0.6207013 0.1619913 0.0709767 0.9841616 3157923066 1746009355 467930805 1495523118 600551912 2410809196 994763219 1126566963 4 3 0.1469990 0.7584826 35 
2396 2365 35 809.0018311 509.5130920 1 5 0.9976615 134 0 35 35 0 0 0 0.0476383 0.0221128 0.0807474 0.5588034 0.2298495 0.7953448 1954544080 3883387395 174466792 320902967 1651078178 766572896 323267569 1791438945 4 1 0.0508119 0.2621785 35 
2396 2366 35 500.0309448 448.3859253 1 7 0.9997899 134 0 35 35 0 0 0 0.0703819 0.0823644 0.3777538 0.2011412 0.2130113 0.9560426 451590970 3348795867 2952551819 2489765416 3586632687 4088269726 4221195546 3752789463 4 1 0.1328224 0.6853346 35 
2396 2368 35 462.6557007 477.5606079 1 2 0.9996645 134 0 35 35 0 0 0 0.0143706 0.0492174 0.1876302 0.1336195 0.2644153 0.9549516 2442506883 1471720813 2001795486 2339675836 368262127 3519175831 3942257165 2676559004 4 1 0.1641252 0.8468503 35 
2396 2369 35 346.6242065 469.4097290 1 3 0.9942216 134 0 35 35 0 0 0 -0.0183143 0.0097962 0.0475839 -0.1291989 0.2518781 0.9566163 1706915309 3094285988 1279191673 865678295 1853637780 150597865 879098863 826473288 4 1 0.0342432 0.1766876 35 
2396 2370 35 711.0723877 274.8663025 1 3 0.9984017 134 0 35 35 0 0 0 0.0258946 -0.0102590 0.0651942 0.4982362 -0.0998143 0.8604244 1891594488 3729903017 414490611 977329983 285078177 330983210 993384923 1808158946 4 1 0.0538452 0.2778297 35 
2396 2371 35 333.8578491 477.4012451 1 4 0.9946645 134 0 35 35 0 0 0 -0.0195185 0.0109687 0.0492488 -0.1472897 0.2645379 0.9507697 1741514101 3091689372 145662576 1931043283 1785512985 788394089 342224877 550697952 4 1 0.0296895 0.1531912 35 
2396 2373 35 333.9043579 478.1627197 1 5 0.9945810 134 0 35 35 0 0 0 -0.0194823 0.0109184 0.0488445 -0.1477348 0.2656359 0.9503584 1708991860 3091680924 145400432 1929474515 1785512977 249163880 342224877 541260512 4 1 0.0245461 0.1266523 35 
2396 2374 35 779.0832520 492.2035522 0 6 0.9996009 134 134 35 35 0 0 0 0.0724158 0.0324422 0.1199725 0.5405240 0.2306806 0.8083071 3068033236 1614268930 2884085408 455337847 1659761954 680052064 325116883 187691872 4 4 0.0613823 0.3167194 35 
2396 2375 35 287.1916809 361.1547241 1 2 0.9993752 134 0 35 35 0 0 0 -0.0942904 0.0359778 0.4652636 -0.1911804 0.0787816 0.9780697 3555122567 4160666789 3052887997 1874820330 4160746479 3799708926 2211863103 1609891279 4 1 0.3946140 2.0361223 35 
2396 2376 35 343.5716553 166.6836548 0 3 0.9998674 134 134 35 35 0 0 0 -0.0839018 -0.2736889 0.9252831 -0.0833293 -0.2810426 0.9559896 2869963073 99126652 136917354 2186281901 1550452490 1908615698 2014492804 2286649920 4 4 0.6712830 3.4636741 35 
2396 2379 35 444.7307434 345.5827026 1 5 0.9994528 134 0 35 35 0 0 0 0.0482849 0.0201725 0.5104601 0.1000745 0.0422101 0.9938030 3155077584 1728171273 297928108 1359119030 2171119584 1305660248 425369745 178716672 4 1 0.2483377 1.2813681 35 
2396 2382 35 468.5889893 366.3023987 1 2 0.9995925 134 0 35 35 0 0 0 0.0680367 0.0372655 0.4914666 0.1424030 0.0775902 0.9866527 330365002 2268921073 489619387 2655434412 284786567 1673156662 3810416175 3750712450 4 1 0.4167656 2.1504195 35 
2396 2388 35 520.4743652 282.2679749 1 2 0.9994786 134 0 35 35 0 0 0 0.1241462 -0.0438956 0.5200345 0.2343069 -0.0780447 0.9687807 1580886368 1767361865 149259459 270586210 1111666888 502932298 990229875 2732997202 3 1 0.4500242 2.3220270 35 
2396 2391 35 392.0079346 227.4205780 1 2 0.9998064 134 0 35 35 0 0 0 0.0032558 -0.1717975 0.9526486 0.0052623 -0.1747267 0.9844893 4237768704 1202834755 6425596 690001852 8010656 1829959971 173192853 2854420672 3 1 0.8064772 4.1612468 35 
2396 2393 35 517.6563110 284.6488647 1 3 0.9989671 134 0 35 35 0 0 0 0.1147160 -0.0396021 0.4949835 0.2214228 -0.0727750 0.9719059 1164734333 3100056268 2327618624 870277459 1852097624 686650056 887466358 2689792871 3 1 0.3563554 1.8387161 35 
2396 198 1 502.3895569 183.8080444 0 2 0.9999913 134 134 35 35 0 0 0 0.5326756 -0.6276826 2.3161516 0.2186291 -0.2546182 0.9420006 1206800119 3167687268 4026002993 2141154641 4017480830 3941455849 2498571126 2105210671 126 71 2.0494034 10.5744753 1 
2396 203 1 538.0495605 156.9141235 0 1 0.9999838 134 134 35 35 0 0 0 0.8192664 -0.5755827 1.9317654 0.3759836 -0.2637666 0.8882809 1622717820 3142667705 498433331 306862047 947754389 335242202 2082856443 1942356162 126 99 1.8147838 9.3638887 1 
2396 205 1 479.9749451 145.5441589 0 1 0.9999455 134 134 35 35 0 0 0 0.7505415 -0.6494461 1.7731143 0.3706389 -0.3187665 0.8723547 1647934841 358079929 146598059 809738175 1356724116 720382923 975568371 1807913570 126 108 1.6949047 8.7453384 1 
2396 207 1 682.2030029 137.6479492 1 2 0.9999098 134 129 35 35 0 0 0 0.6237935 -0.4103768 1.0733598 0.4749911 -0.3129358 0.8224438 1922409700 2358570441 413250491 458028526 317217665 1910140722 2136330893 579289536 126 72 1.0915908 5.6323705 1 
2396 208 1 903.9499512 563.7927856 0 2 0.9914889 134 73 35 35 0 0 0 0.0538942 0.0277255 0.0655539 0.5855662 0.3183972 0.7415239 4070745982 3411716605 2579078587 2589781999 368966589 3804916510 4223653275 3269382082 97 19 0.0768823 0.3966959 1 
2396 210 1 911.1881104 542.9785156 0 2 0.9930695 134 128 35 35 0 0 0 0.0507903 0.0241675 0.0648080 0.5982069 0.2844959 0.7468801 1737837933 3158716068 1277880928 4204360179 1852589584 718926057 342212260 549649290 109 32 0.0739566 0.3815997 1 
2396 212 1 916.4753418 557.9172363 0 2 0.9835655 134 127 35 35 0 0 0 0.0530164 0.0252726 0.0704316 0.5408810 0.2938493 0.7829219 1731966209 828624688 1148954748 814249983 709246644 1333377249 2473701 3116597832 113 71 0.0788140 0.4066633 1 
2396 214 1 910.5173340 546.3896484 0 2 0.9966310 134 31 35 35 0 0 0 0.0504036 0.0244339 0.0645566 0.6177769 0.2844632 0.7325515 3071640773 3211014068 1348123252 1796747735 712787473 777649401 1416998636 679606504 109 24 0.0736628 0.3800841 1 
2396 215 1 -37.1341553 166.1997681 0 1 0.9999468 134 134 35 35 0 0 0 -0.4280191 -0.1417340 0.5064291 -0.6256331 -0.2087253 0.7516522 3680918670 3086939071 3017794205 1840741836 2946463359 4264400372 3550445414 3619487167 84 44 0.5627061 2.9034407 1 
2396 217 1 605.0369873 519.8444214 1 2 0.9846725 134 83 35 35 0 0 0 0.0311909 0.0351905 0.1118199 0.2119346 0.2966627 0.9283635 1819928869 4165455732 1216088160 815386995 1778833432 501756619 740658289 2688989809 126 68 0.1022559 0.5276183 1 
2396 218 1 585.4674072 559.6204224 1 2 0.9904009 134 45 35 35 0 0 0 0.0231274 0.0384326 0.1013723 0.2059707 0.3461868 0.9140248 1853601112 2018722386 686669856 805894007 3797212466 263830025 1277292027 841392737 126 42 0.0933610 0.4817225 1 
2396 219 1 113.3856812 216.5731354 1 1 0.9999521 134 133 35 35 0 0 0 -0.6600579 -0.2248072 1.2266320 -0.4677852 -0.1592112 0.8693780 2608995855 1119531893 3890170143 3837259500 2510170623 3744436375 3281745806 3577286558 126 63 1.1741146 6.0581756 1 
2396 220 1 606.9473877 532.3004150 1 2 0.9884108 134 73 35 35 0 0 0 0.0306228 0.0367544 0.1097434 0.2314795 0.3114112 0.9197216 3045559639 2787927691 294319020 3407951581 2541316001 614189373 1423959737 1117876616 126 56 0.1009269 0.5207609 1 
2396 221 1 630.8824463 567.6356201 1 2 0.9897928 134 82 35 35 0 0 0 0.0279221 0.0364763 0.0941915 0.2632438 0.3475783 0.8985382 1675775455 2522871445 2513422197 4237782859 4273858161 2923270332 3347415019 1459419047 126 37 0.0885384 0.4568389 1 
2396 223 1 188.2895966 197.1358948 1 1 0.9999736 134 121 35 35 0 0 0 -0.9023407 -0.5227897 2.3167248 -0.3567360 -0.2050155 0.9114272 1701660029 944721424 2364531296 865822035 4001154140 217969385 341962743 1884484457 126 81 2.1159313 10.9177437 1 
2396 226 1 274.9815674 204.9779205 0 1 0.9999736 134 134 35 35 0 0 0 -0.4631774 -0.4724773 2.2434857 -0.1983913 -0.2013336 0.9592111 1196575585 879102580 1214382185 3029598707 1850106906 1841674305 2145316 2822945608 126 101 1.9485471 10.0540781 1 
2396 228 1 280.6513062 202.5391235 0 1 0.9999409 134 134 35 35 0 0 0 -0.2234139 -0.2764124 1.2665087 -0.1687364 -0.2091512 0.9631913 1207038052 2556644945 1211034235 3066918738 2054214673 586798145 1711652367 826717026 126 86 1.0956742 5.6534400 1 
2396 229 1 411.9606628 222.6134033 0 1 0.9999005 134 134 35 35 0 0 0 0.0600985 -0.2049367 1.1160856 0.0546663 -0.1792542 0.9822601 1702844888 879873570 544722156 1904228351 1786525094 221354465 2187389923 2068291680 126 62 0.9472953 4.8878374 1 
2396 231 1 402.2531738 213.2958069 1 2 0.9997746 134 132 35 35 0 0 0 0.0187001 -0.1868934 0.8921244 0.0191988 -0.2030164 0.9789227 2332477730 3836642140 47710342 1076938912 3275483496 4249008962 3364814900 2297436693 126 123 0.7599615 3.9212356 1 
2396 232 1 411.2874756 232.0571442 1 2 0.9999213 134 59 35 35 0 0 0 0.0408308 -0.1687910 0.9796293 0.0437990 -0.1696112 0.9845353 1664740617 1433132405 137193835 810980798 1481648800 926431251 1879104879 4207346242 126 27 0.8293894 4.2794685 1 
2396 233 1 404.3526611 215.1968842 1 2 0.9998527 134 130 35 35 0 0 0 0.0282841 -0.2134365 1.0387540 0.0281263 -0.2005600 0.9792612 3638733090 3471476725 40929375 7718952 3507743704 4254251666 1755257917 2289241557 126 101 0.8842754 4.5626683 1 
2396 234 1 393.4557190 231.5910187 1 2 0.9998019 134 130 35 35 0 0 0 0.0059801 -0.1600175 0.9304302 0.0043847 -0.1679546 0.9857428 3986424953 994979516 1154132852 1880110035 746382929 240244921 284688367 14215304 126 107 0.7869269 4.0603714 1 
2396 235 1 494.8427124 232.2498016 1 2 0.9994029 134 130 35 35 0 0 0 0.1025372 -0.0967722 0.5371299 0.1825488 -0.1715892 0.9679120 425894827 1407237621 1567974779 2492893354 499264152 3621042870 1645247502 3302624459 126 97 0.4636391 2.3922763 1 
2396 236 1 470.4899292 225.8294220 0 2 0.9997776 134 134 35 35 0 0 0 0.0814809 -0.1010030 0.5443748 0.1503641 -0.1803033 0.9720438 275315363 4133018985 3988061419 281447466 1423419789 1910648526 4214577438 3746202715 126 33 0.4670739 2.4099998 1 
2396 237 1 467.8019104 202.8937073 1 2 0.9998667 134 130 35 35 0 0 0 0.1586799 -0.2435253 1.0410672 0.1457468 -0.2238890 0.9636314 2803844821 879626786 3837993516 1535706071 4001223974 1292473697 2154472420 553759532 126 112 0.9014497 4.6512837 1 
2396 238 1 489.7519836 200.9559937 0 2 0.9998462 134 134 35 35 0 0 0 0.2270334 -0.2641582 1.1277901 0.1878040 -0.2229897 0.9565300 4206665824 3478253037 413933535 980221358 283843465 2985979666 2069157855 2865187026 126 58 0.9845182 5.0798988 1 
2396 239 1 504.1752014 193.7925415 1 2 0.9998200 134 132 35 35 0 0 0 0.1985051 -0.2293129 0.8981492 0.2090464 -0.2398403 0.9479741 1852788149 4165929712 3338584225 833711987 3999265918 1870496745 2426792434 2028122991 126 100 0.7909394 4.0810747 1 
2396 240 1 595.9244385 224.3256989 1 2 0.9999920 134 115 35 35 0 0 0 1.0240397 -0.4929430 2.4968224 0.3741263 -0.1796127 0.9098178 4198345008 3998608713 162273154 407437111 1086430089 828009226 1028704219 3934673264 126 58 2.2876766 11.8039112 1 
2396 241 1 596.1723633 195.7983704 0 1 0.9999877 134 134 35 35 0 0 0 1.1654242 -0.4930856 2.2497010 0.4510446 -0.1903807 0.8719519 1459990857 392800952 4098783590 4270851007 477890054 31971475 3224435852 1031898282 126 122 2.1528666 11.1083221 1 
2396 242 1 626.6899414 214.7693329 1 2 0.9999897 134 113 35 35 0 0 0 1.3285064 -0.6156554 2.8190181 0.4181301 -0.1937617 0.8874803 1421049024 112588899 673891048 3209017022 284702626 1253108001 55849525 2114416832 126 45 2.6489251 13.6678753 1 
2396 243 1 558.4045410 233.3539429 1 2 0.9999870 134 131 35 35 0 0 0 1.0968838 -0.5740090 3.2468197 0.3152979 -0.1646946 0.9345879 1679777916 3628288552 149399648 990499667 1785527440 210367304 895609299 577123170 126 97 2.8970549 14.9481707 1 
2396 244 1 611.0623169 233.7466583 1 2 0.9999872 134 127 35 35 0 0 0 1.2813567 -0.5227749 2.9151049 0.3963569 -0.1614826 0.9037793 1868425256 4232564077 140773444 822694259 1782995096 1031480939 941673319 2856754002 126 58 2.6907706 13.8837891 1 
2396 247 1 830.9296265 202.5005951 1 2 0.9999152 134 113 35 35 0 0 0 0.6418278 -0.1942682 0.7483774 0.6382126 -0.1924728 0.7454002 163620691 456833714 4117445946 277242573 2498072375 1603082422 3845875212 3584788413 126 64 0.8399829 4.3341284 1 
2396 249 1 699.2758789 193.5213623 1 2 0.9999681 134 65 35 35 0 0 0 1.0305363 -0.4488297 1.6829593 0.5080469 -0.2215214 0.8323498 4122815649 2129751932 452261598 594591127 675474633 2658893617 1011342207 4199966929 126 34 1.6886113 8.7128658 1 
2396 250 1 -24.0813293 206.6255951 1 1 0.9999591 134 129 35 35 0 0 0 -0.6727399 -0.1611945 0.8242424 -0.6235251 -0.1500255 0.7672722 3756325351 4240367565 39121375 1868561640 3623583743 4261379814 2865723951 4277223319 89 33 0.8944086 4.6149535 1 
2396 170 1 306.6458435 126.7583694 1 1 0.9996886 134 129 35 35 0 0 0 -0.1404329 -0.3023642 0.7920707 -0.1692658 -0.3500256 0.9212668 2952838779 1196998001 4255674683 2437024431 366316423 3082816303 4212708762 2668233770 126 105 0.7156566 3.6926315 1 
2396 171 1 286.8944702 102.1039124 0 1 0.9999430 134 134 35 35 0 0 0 -0.2009193 -0.4027294 0.9379575 -0.1905388 -0.3872486 0.9020697 1707037264 926745250 4036407140 1670395861 2306701094 1218828752 2155783144 1772482596 126 17 0.8663512 4.4701834 1 
2396 172 1 292.4933472 110.1272049 1 1 0.9999381 134 87 35 35 0 0 0 -0.2696904 -0.5592812 1.3496374 -0.1820788 -0.3756601 0.9086809 564990877 406400672 4124539692 2073761503 1065162150 1081070737 2221582789 1898050436 126 52 1.2374493 6.3849683 1 
2396 180 1 541.9131470 137.1160889 0 2 0.9999591 134 134 35 35 0 0 0 0.5099584 -0.6025986 1.6384618 0.2796794 -0.3306584 0.9013392 2682580902 4008606671 2616927839 2216683722 3824078715 4073715324 999765566 2264825845 126 72 1.5168290 7.8265066 1 
2396 181 1 489.1224670 139.7375336 0 2 0.9999481 134 134 35 35 0 0 0 0.4097730 -0.7198809 2.0021560 0.1890169 -0.3321497 0.9240905 2886955506 1209060681 228648079 1164304102 1667938776 3654968143 973836465 371535384 126 86 1.8064953 9.3211222 1 
2396 182 1 458.3892212 100.4263458 0 1 0.9999775 134 134 35 35 0 0 0 0.3676715 -0.9494076 2.1935854 0.1510388 -0.3919410 0.9074975 642088287 3092188986 3968524329 914581247 1870456086 1056768457 3022910640 1963177768 126 110 2.0160179 10.4022131 1 
2396 183 1 607.0758057 88.2888184 0 2 0.9999634 134 134 35 35 0 0 0 0.6782801 -0.7354012 1.5370826 0.3692411 -0.4001339 0.8387639 3131879798 3440435627 3112768899 440991591 300798857 836389662 2136855003 1518749680 126 119 1.5298945 7.8939219 1 
2396 184 1 550.4901733 91.0648346 0 1 0.9999881 134 134 35 35 0 0 0 0.9568625 -0.9658743 2.1826985 0.3716702 -0.3749892 0.8492524 1163781032 963054452 677882993 898371923 1782881298 258864232 338004582 2705762915 126 119 2.1445072 11.0651884 1 
2396 185 1 597.1306763 92.8432770 0 2 0.9999855 134 134 35 35 0 0 0 1.0617081 -1.1174444 2.4342141 0.3681136 -0.3872940 0.8452715 1972129364 3158772234 2760812214 1535338359 4000117815 803979624 2489706488 2015687456 126 108 2.4025655 12.3967133 1 
2396 186 1 598.8934937 99.8085175 1 2 0.9999846 134 125 35 35 0 0 0 1.1701931 -1.2534195 2.7505245 0.3601202 -0.3863282 0.8491505 1814850924 802643933 162309315 857177314 1674100888 536568684 1061510011 1851686483 126 108 2.7025919 13.9447851 1 
2396 187 1 572.3634033 94.2778473 0 2 0.9999812 134 134 35 35 0 0 0 0.8636584 -0.9723353 2.1622679 0.3418356 -0.3847202 0.8573932 1408711822 3266443507 941937595 3217424028 284261283 3770338611 1800788495 4148647363 126 105 2.1041672 10.8570442 1 
2396 188 1 709.9062500 99.8579102 1 2 0.9998826 134 128 35 35 0 0 0 0.5038725 -0.3682998 0.7902331 0.4995106 -0.3644651 0.7858817 2069836544 274845480 1081301094 2022233587 1483651196 300134539 1076087237 2688844384 126 71 0.8412214 4.3405190 1 
2396 189 1 -1.9627075 128.3900757 1 1 0.9999239 134 131 35 35 0 0 0 -0.5059878 -0.2263010 0.6302366 -0.5999597 -0.2692434 0.7533323 4072255609 3746692521 481589755 977969055 419273637 834300827 2117459419 2076917962 93 59 0.6971944 3.5973711 1 
2396 197 1 454.3972778 186.8802948 1 2 0.9999773 134 95 35 35 0 0 0 0.2915085 -0.5785606 2.1919677 0.1274449 -0.2530413 0.9590216 2860541476 3364020701 195671894 2288762948 864176345 2953454358 2140083353 3325460432 126 53 1.9053884 9.8313885 1 
2396 251 1 -18.6875916 219.8802948 0 1 0.9999527 134 134 35 35 0 0 0 -0.5680280 -0.1372467 0.7553738 -0.5921066 -0.1430264 0.7930419 1908325199 2539519673 3852402095 4274241534 368932743 3803957663 3543531499 2073023626 101 66 0.7936594 4.0951099 1 
2396 252 1 -54.6839600 235.8098602 0 1 0.9999838 134 134 35 35 0 0 0 -0.5849827 -0.1242776 0.7838910 -0.5907063 -0.1253413 0.7970695 1693087870 1356291405 230026465 3201817867 3890209864 2700501965 998332759 3596533603 103 67 0.8194471 4.2281680 1 
2396 253 1 592.4941406 522.2128906 1 2 0.9956782 134 34 35 35 0 0 0 0.0304990 0.0373336 0.1164768 0.2619202 0.2940390 0.9190825 2860170040 1427360050 2885487908 271244607 1104001982 763407194 3375031795 1537706597 126 22 0.1061563 0.5477432 1 
2396 255 1 54.6019287 232.4867401 0 1 0.9999647 134 134 35 35 0 0 0 -0.5756975 -0.1688215 1.0460005 -0.4779185 -0.1384755 0.8673919 4265514906 1740464783 870191005 1092812780 2175742955 3743648112 2212427763 1807050902 126 104 1.0031320 5.1759419 1 
2396 256 1 439.8596802 511.7867432 1 2 0.9913408 134 83 35 35 0 0 0 -0.0010775 0.0368723 0.1179058 -0.0098654 0.2980785 0.9535229 4110072778 2000525794 4252389049 283557804 32979878 4020427764 2877218686 3685712974 126 54 0.1030941 0.5319433 1 
2396 258 1 287.9701843 233.1549683 0 1 0.9999704 134 134 35 35 0 0 0 -0.3495719 -0.3068357 1.9603368 -0.1739380 -0.1515381 0.9730133 1922675064 156486809 413757859 810080215 407412369 872039259 2081543643 847643360 126 108 1.6784310 8.6603374 1 
2396 259 1 285.5083313 242.0304871 1 1 0.9998736 134 118 35 35 0 0 0 -0.2433993 -0.1765963 1.2241346 -0.1948511 -0.1395142 0.9708340 1990060400 3159738632 144748706 323089335 1483601408 1036675914 962953465 705081952 126 43 1.0498286 5.4168873 1 
2396 260 1 248.3004913 229.8089600 0 1 0.9999729 134 134 35 35 0 0 0 -0.3145255 -0.2803837 1.7895080 -0.1715570 -0.1516832 0.9734105 1782185304 2672938425 145511843 273192895 275554177 335227723 2031418875 2055672544 126 112 1.5315094 7.9022546 1 
2396 263 1 283.8282166 247.6058502 1 1 0.9999305 134 130 35 35 0 0 0 -0.2366287 -0.1569139 1.1827172 -0.1938985 -0.1280226 0.9725973 1889116252 2303815048 413906338 440988631 275306369 299582234 2098587097 579289568 126 101 1.0129817 5.2267647 1 
2396 265 1 419.5000305 243.0967102 1 2 0.9999017 134 39 35 35 0 0 0 0.0675311 -0.1696802 1.1263200 0.0590203 -0.1485710 0.9871277 1445445370 1931860025 4187123389 2542048622 585967137 3487681889 2453697200 2136343626 126 31 0.9512304 4.9081411 1 
2396 266 1 513.0421753 236.9263916 1 2 0.9999882 134 114 35 35 0 0 0 0.7018928 -0.4700042 2.8145945 0.2387690 -0.1598885 0.9578214 1683104120 1618102869 199983201 2417002763 3762654648 3431002956 285273491 39985763 126 64 2.4499149 12.6410265 1 
2396 267 1 418.7788696 269.4935608 0 1 0.9997269 134 134 35 35 0 0 0 0.0558101 -0.0448149 0.5543630 0.1066096 -0.0783570 0.9911174 125837664 1222773084 1219207530 273186946 1214942424 1086415690 939635860 2152860225 126 100 0.4663389 2.4062071 1 
2396 268 1 833.9522095 241.3134308 1 2 0.9998431 134 121 35 35 0 0 0 0.6081613 -0.1294465 0.7114825 0.6404080 -0.1356323 0.7559223 1700307817 1061620720 204385651 348266979 675589648 249690200 1898307566 2294983266 126 72 0.7900246 4.0763545 1 
2396 269 1 841.9663086 233.5014648 1 2 0.9998171 134 73 35 35 0 0 0 0.4404623 -0.1022239 0.5103578 0.6451876 -0.1486403 0.7494007 1712483816 1917308789 1210616057 822153526 1782902400 796978024 939587827 2856452674 126 46 0.5708344 2.9453812 1 
2396 270 1 673.7419434 242.3643951 0 2 0.9999415 134 134 35 35 0 0 0 0.5987304 -0.1459839 1.0156965 0.5063283 -0.1218560 0.8536691 4196183410 4015310233 429930387 323551011 2431226825 3084536698 2136332283 176554096 126 48 0.9921119 5.1190815 1 
2396 272 1 -40.4736023 277.3341980 0 1 0.9999523 134 134 35 35 0 0 0 -0.4818603 -0.0444035 0.6139681 -0.6112489 -0.0556966 0.7894573 1752726717 4234108784 410283633 822304607 1792399541 1064941288 1009114099 4081496418 90 54 0.6491626 3.3495376 1 
2396 273 1 366.2662354 513.9165039 1 2 0.9579322 134 113 35 35 0 0 0 -0.0159801 0.0204665 0.0676922 -0.2767120 0.2828609 0.9124908 3159515994 1748947067 2879292589 3592932973 3824154110 3716301646 2609639858 3341760039 126 70 0.0597841 0.3084732 1 
2396 274 1 796.3300171 493.3104858 0 2 0.9901562 134 134 35 35 0 0 0 0.0534572 0.0250930 0.0850076 0.5316224 0.2433373 0.8087940 1706374212 992046704 2029775736 805926870 679220663 1324463281 1344515805 822567624 126 57 0.0884156 0.4562051 1 
2396 276 1 709.7365112 495.8864441 1 2 0.9936157 134 122 35 35 0 0 0 0.0562709 0.0319218 0.1185410 0.4193567 0.2433293 0.8736810 983349368 3478187401 430192547 457367343 284005257 836390686 2069746651 177096114 126 75 0.1143101 0.5898151 1 
2396 277 1 208.1141663 301.1651306 0 1 0.9999973 134 134 35 35 0 0 0 -0.3863637 -0.0384170 1.4689102 -0.2503317 -0.0246003 0.9678416 1197463812 3162459874 1685571644 294221783 1786205238 1813631041 2221255535 4089951082 126 45 1.2652725 6.5285301 1 
2396 279 1 217.4749146 269.7366333 0 2 0.9999880 134 134 35 35 0 0 0 -0.4889470 -0.1124255 1.9759611 -0.2402827 -0.0542914 0.9691718 1099294179 2406235625 1487534955 3193747074 477646469 1375423127 2119505935 2898417098 126 121 1.6980801 8.7617226 1 
2396 280 1 411.9461975 319.5102844 0 1 0.9995623 134 134 35 35 0 0 0 0.0430406 0.0047667 0.5555071 0.0749836 0.0115544 0.9969481 1679791553 929435193 1554950889 4143985654 1786541728 252815841 272694199 700686922 126 125 0.4647697 2.3981102 1 
2396 281 1 277.6265259 304.6090393 0 2 0.9992955 134 134 35 35 0 0 0 0.0321714 -0.0097725 0.5044340 0.0611783 -0.0159729 0.9977934 1669069144 3291733363 141322731 876910398 1358184354 1706178643 1661271535 4224123490 126 121 0.4216876 2.1758161 1 
2396 282 1 393.0614014 310.1705933 0 1 0.9995453 134 134 35 35 0 0 0 0.0376318 -0.0028624 0.5051771 0.0718074 -0.0023252 0.9972107 1102134636 2674355693 405730171 1061500318 410541697 1660514355 1981144175 2730979778 126 117 0.4225877 2.1804602 1 
2396 283 1 301.5173950 316.4026184 0 2 0.9992249 134 134 35 35 0 0 0 0.0402867 0.0010337 0.4702982 0.0826630 0.0057422 0.9963245 1737702224 353880240 1747627362 851556278 1349287558 681703441 841331945 734507712 126 121 0.3938288 2.0320706 1 
2396 285 1 458.2116089 305.2292480 0 1 0.9996874 134 134 35 35 0 0 0 0.1204366 -0.0050330 0.5508749 0.2111445 -0.0059332 0.9772694 1972597184 388320802 1482867368 855685046 174619810 1219550273 39104677 965177416 126 102 0.4708948 2.4297144 1 
2396 288 1 449.4497681 430.2985229 0 1 0.9993358 134 134 35 35 0 0 0 0.0726857 0.0844668 0.3861433 0.1773207 0.2137275 0.9603301 1473654336 656701539 2019787769 3213144942 2163146531 1786960944 55899670 766505186 126 124 0.3357522 1.7324083 1 
2396 289 1 584.4414062 500.4435425 1 2 0.9893389 134 123 35 35 0 0 0 0.0323516 0.0362136 0.1267736 0.2180124 0.2755560 0.9333224 1704663361 845647408 1283106920 1879061463 1752986756 217168081 2145765 960733768 126 77 0.1142212 0.5893565 1 
2396 292 1 401.1114502 468.0048218 1 2 0.9976671 134 74 35 35 0 0 0 0.0000164 0.0807260 0.3146832 -0.0162078 0.2501404 0.9677095 4265232688 3763848477 49022148 1076089138 1116404424 1031416650 998548979 2859744081 126 65 0.2708634 1.3975960 1 
2396 293 1 406.7131348 445.9621887 0 2 0.9987211 134 134 35 35 0 0 0 0.0065088 0.0809944 0.3637286 0.0142743 0.2209986 0.9747882 3882832221 2019250742 3874997349 1654595411 4013806718 2352869833 2225334770 1903475501 126 92 0.3107817 1.6035656 1 
2396 294 1 424.8369141 469.1508789 1 2 0.9988997 134 42 35 35 0 0 0 0.0156163 0.0869497 0.3374413 0.0442453 0.2492676 0.9673016 4214325383 1220062572 1381046670 1769528220 422779342 3512357906 3973715973 2709588380 126 33 0.2909858 1.5014231 1 
2396 295 1 379.9997253 483.6113281 1 2 0.9744474 134 126 35 35 0 0 0 -0.0141722 0.0197416 0.0770942 -0.2103826 0.2509996 0.9406002 4089035969 2541350312 1547533307 977852350 410915719 1945783731 4164083663 3150168264 126 75 0.0668967 0.3451722 1 
2396 296 1 335.6699524 496.8687439 1 1 0.9592553 134 101 35 35 0 0 0 -0.0186452 0.0135036 0.0515482 -0.3265010 0.2385862 0.9107138 1702508920 1953980277 150399089 809680703 1255538102 783416009 2227703 4215710562 110 53 0.0460125 0.2374143 1 
2396 297 1 333.2862244 492.7539978 1 1 0.9373072 134 101 35 35 0 0 0 -0.0189765 0.0134375 0.0525302 -0.3889344 0.2350384 0.8826556 1989852536 1063242937 146713011 272693247 142475157 737831706 958791675 734175842 110 41 0.0468360 0.2416634 1 
2396 298 1 310.9891968 513.7829590 1 1 0.9537630 134 46 35 35 0 0 0 -0.0203194 0.0133930 0.0467478 -0.3803845 0.2534233 0.8851461 3879222632 928460728 150907001 285225983 1786640020 771357432 811990503 734198338 98 38 0.0426713 0.2201747 1 
2396 299 1 9.2934875 333.1331177 0 2 0.9999840 134 134 35 35 0 0 0 -0.4918856 0.0316763 0.9230682 -0.4690420 0.0318114 0.8825744 4026438487 3103469246 3885727151 1654587103 3783251958 3858481564 3605790682 1394713484 126 87 0.8703108 4.4906144 1 
2396 300 1 236.8442078 353.7312317 0 1 0.9996286 134 134 35 35 0 0 0 -0.1158410 0.0365645 0.5103704 -0.2223826 0.0727115 0.9720688 4127047339 3218948093 2084372251 2731965951 217413535 3137042617 3061178223 2044259550 126 116 0.4364665 2.2520719 1 
2396 302 1 289.8771973 357.9542236 0 1 0.9995148 134 134 35 35 0 0 0 -0.0851821 0.0346727 0.4530551 -0.1779119 0.0763395 0.9809381 4093443214 3338599661 3019333567 2875194604 3623869423 3824908982 3288234879 3623868359 126 57 0.3846685 1.9848055 1 
2396 303 1 264.8588257 353.2713623 0 1 0.9994168 134 134 35 35 0 0 0 -0.1163310 0.0330248 0.4860043 -0.2338861 0.0691085 0.9696133 1438462157 425279144 1555561087 1004535775 779961495 1123771553 3160669127 1900274122 126 123 0.4165854 2.1494899 1 
2396 304 1 213.6591797 358.4701538 0 1 0.9995082 134 134 35 35 0 0 0 -0.1188551 0.0341806 0.4566797 -0.2525208 0.0749594 0.9644467 3782974731 931049136 1702545725 1343635389 354234278 3457259765 3257859566 1403241612 126 91 0.3934334 2.0300305 1 
2396 305 1 285.5402222 357.3018494 0 1 0.9997246 134 134 35 35 0 0 0 -0.0880355 0.0338039 0.4487862 -0.1794232 0.0752763 0.9808074 3556040559 2491350247 3149888511 4292869226 1476384743 3807334646 3352788799 1610416007 126 52 0.3815480 1.9687046 1 
2396 308 1 540.6386108 434.4134521 1 2 0.9995391 134 82 35 35 0 0 0 0.0999916 0.0730288 0.3816077 0.2555431 0.1816096 0.9495753 663440341 3043430048 1141285624 1400972247 1852335154 714199393 6791652 679736232 126 19 0.3354281 1.7307357 1 
2396 311 1 488.4891052 376.9196167 1 2 0.9991819 134 126 35 35 0 0 0 0.0873161 0.0466591 0.4956248 0.1660748 0.0952817 0.9813395 1638969704 1062526397 951893355 3067492747 418174601 2162387934 2067127807 1338950850 126 96 0.4219881 2.1773665 1 
2396 312 1 433.1849670 336.7210083 0 1 0.9994912 134 134 35 35 0 0 0 0.0630588 0.0235504 0.5089957 0.1202611 0.0490531 0.9913288 764657601 3211726512 1954171186 1350591479 742157847 797546675 3290803948 964927624 126 118 0.4284743 2.2108340 1 
2396 314 1 469.5182190 365.7245178 1 2 0.9993544 134 133 35 35 0 0 0 0.0745542 0.0393973 0.5244157 0.1378472 0.0771969 0.9872521 448182538 2276646393 225205695 2490293484 283868037 2107271462 1796560687 3750692050 126 115 0.4433102 2.2873838 1 
2396 315 1 449.3027039 340.4167175 0 2 0.9992792 134 134 35 35 0 0 0 0.0568631 0.0185393 0.5300807 0.1030423 0.0382202 0.9937398 1654464852 2572250248 414170531 441055063 846058901 16466714 2087043545 1653007264 126 121 0.4450923 2.2965794 1 
2396 316 1 427.9876404 348.1860046 0 1 0.9995980 134 134 35 35 0 0 0 0.0719167 0.0346387 0.5214235 0.1433741 0.0673931 0.9872695 1015164538 1259525083 2613937463 3559056928 2431380849 511888190 1000171193 1185825955 126 86 0.4402505 2.2715964 1 
2396 317 1 463.7485352 324.5978394 0 1 0.9995502 134 134 35 35 0 0 0 0.1084147 0.0124828 0.5179979 0.2024709 0.0261579 0.9787269 2118057200 3914712137 413406898 325637942 46789289 800747370 961848307 3932557408 126 112 0.4420765 2.2810180 1 
2396 319 1 379.1091614 421.6763611 0 1 0.9991236 134 134 35 35 0 0 0 -0.0099625 0.0652539 0.3496061 -0.0197275 0.1848917 0.9823118 2477046983 2951271597 395836351 4015958760 2516273097 3822804199 1189034511 1559841934 126 49 0.2965164 1.5299600 1 
2396 322 1 -29.8214417 398.6982422 1 1 0.9999081 134 133 35 35 0 0 0 -0.3840221 0.0812364 0.4912022 -0.6040682 0.1316948 0.7859438 4011030937 1344505618 1681918006 1679872949 1209415734 1058052163 2149746149 3105980984 90 28 0.5216998 2.6918569 1 
2396 326 1 2.8428040 198.8075867 1 1 0.9999636 134 23 35 35 0 0 0 -0.6991116 -0.1946199 0.9151727 -0.5969664 -0.1668504 0.7847230 4210736779 3619288566 3076284191 2901868477 2643950559 4088323767 3955122030 4257074334 100 11 0.9711016 5.0106721 1 
2396 327 1 -12.7442322 161.2054443 1 1 0.9999864 134 127 35 35 0 0 0 -0.9974447 -0.3574577 1.2445961 -0.6086548 -0.2186203 0.7627203 1334261583 3635068793 3435915439 4109231820 4143611380 3688612743 3188683839 3039524746 95 24 1.3598483 7.0165205 1 
2396 332 1 111.0077209 160.5050049 0 1 0.9999192 134 134 35 35 0 0 0 -0.5917846 -0.3175135 1.0760943 -0.4688704 -0.2485642 0.8475512 2610149378 3484075509 1129847070 3290496684 2442345437 4149909523 3936228909 3182759060 126 54 1.0553671 5.4454641 1 
2396 336 1 3.0689697 230.5702362 1 1 0.9999896 134 125 35 35 0 0 0 -0.7067145 -0.1395464 0.9428596 -0.5923457 -0.1173985 0.7970752 3933090622 1490638159 2950528135 2944310536 3621755372 3497927583 4291516883 3615264567 103 30 0.9865880 5.0905786 1 
2396 348 1 55.1365967 339.1651001 0 1 0.9999935 134 134 35 35 0 0 0 -0.7783810 0.0592258 1.4204806 -0.4771438 0.0372740 0.8780295 3854494550 2642153132 698285227 1255387127 1434318759 3773524428 3052404734 1502605952 126 42 1.3489522 6.9602985 1 
2396 351 1 -46.4537964 345.8428955 0 2 0.9999833 134 134 35 35 0 0 0 -0.5988532 0.0526633 0.9907540 -0.5158451 0.0468338 0.8553784 1698282793 929165140 142503285 806368691 408329944 259111065 1076944879 4173760578 126 76 0.9638306 4.9731560 1 
2396 360 1 110.7645264 316.9125366 1 1 0.9999680 134 132 35 35 0 0 0 -0.5591248 0.0111491 1.0695394 -0.4590410 0.0101566 0.8883481 4290116622 3203395516 1113516831 1828323325 507477983 4227586203 2762989485 3105225630 126 25 1.0040834 5.1808515 1 
